20974
10582
442
11885 8662
6325 6954
251 3849
5999 5611
2758 4952
833 2863
661 7370
748 4552
11219 8556
2791 7471
1371 3846
680 5430
461 4092
4603 6325
4276 7909
2233 3837
3356 6351
2245 4280
11687 7768
4315 5472
1371 3846
11008 8524
1371 3846
644 3862
6325 6954
833 2863
11210 8143
889 4299
1354 3415
2299 6070
10899 8206
957 2744
1418 4683
2756 6073
3882 5186
11695 8540
6626 7190
461 4092
1850 5093
1250 2160
2396 4656
251 3849
6117 7191
11672 567
2841 4519
304 1235
3371 7339
11695 8540
3541 7467
3294 4049
447 3971
4276 7909
3238 7128
11631 8855
426 4060
4276 7909
1228 3530
11210 8143
645 4313
604 2858
2010 6369
6117 7191
197 3889
748 4552
7056 6714
3095 7469
2396 4656
2001 5798
2791 7471
6523 7305
663 6655
1434 5388
632 4684
3670 7229
714 2976
11646 8505
3051 4948
2923 7458
11695 8540
369 6653
5276 1548
2043 8019
10908 8559
2989 4516
10904 8494
3515 6219
4453 3618
11879 8814
246 3742
3882 5186
3204 6352
348 3007
11881 8706
6117 7191
11695 8540
4315 5472
11008 8524
604 2858
3371 7339
833 2863
450 3556
11851 8847
2396 4656
11008 8524
1007 4294
11885 8662
3249 7581
3743 5755
2468 7237
454 3977
466 4590
246 3742
11823 8783
11210 8143
5999 5611
644 3862
429 4066
3299 4161
2989 4516
4795 7673
2296 5929
338 3960
11646 8505
2775 7121
286 4102
2989 4516
1834 6202
4276 7909
11813 8843
172 3956
11695 8540
1998 6079
2233 3837
338 3960
10899 8206
11913 8782
2756 6073
3249 7581
1371 3846
6117 7191
774 7014
500 2502
11906 8831
58 2499
4315 5472
466 4590
304 1235
2378 3725
12048 460
2043 8019
10908 8559
3519 7228
1293 5666
4086 7868
2468 7237
11681 8749
2165 7117
11008 8524
529 4061
11913 8782
2723 458
953 2743
154 2498
4086 7868
7139 2106
10687 8260
894 4567
1008 4825
1547 6206
894 4567
58 2499
3940 6981
2185 7802
11695 8540
3670 7229
2245 4280
879 4178
124 3549
2938 7244
3368 7336
2004 6081
604 2858
2938 7244
500 2502
3366 7446
286 4102
983 1033
679 5019
714 2976
112 3745
11004 8366
6523 7305
894 4567
10796 8339
4086 7868
2468 7237
2043 8019
6118 7189
632 4684
2874 2133
2999 4058
2906 6614
607 1492
468 3784
11966 8736
4523 4677
2999 4058
714 2976
1796 4400
2758 4952
680 5430
11210 8143
2923 7458
450 3556
645 4313
957 2744
2296 5929
11879 8814
4172 5191
58 2499
11879 8814
447 3971
4739 5897
3053 5931
1371 3846
3670 7229
679 5019
11219 8556
645 4313
11813 8843
2539 3841
2185 7802
255 3647
6626 7190
2010 6369
6523 7305
833 2863
7056 6714
2874 2133
461 4092
1354 3415
1231 5343
1137 4418
3249 7581
680 5430
3759 8209
4742 6042
1994 6072
11879 8814
983 1033
2539 3841
2775 7121
645 4313
500 2502
10688 8303
3231 7238
3307 3741
1994 6072
2378 3725
11008 8524
2010 6369
61 2999
953 2743
1007 4294
2942 7579
1354 3415
3053 5931
3817 7678
189 3869
6626 7190
2295 5791
3253 7694
11885 8662
11425 8072
2874 2133
2989 4516
2874 2133
11906 8831
247 3953
2343 8015
856 1274
3682 7240
1008 4825
1796 4400
848 1151
11523 8151
1094 3845
2299 6070
2838 3945
3202 5088
3954 6991
6829 6955
3368 7336
563 3773
2756 6073
10796 8339
2233 3837
771 7361
11637 7872
4453 3618
