29453
17571
1164
9121 12022
9524 13314
5127 6726
1044 2057
14668 6692
7382 10729
10517 12166
5808 9933
1825 5761
6744 10500
1697 3756
2476 3540
6745 10501
12250 13004
770 2690
3989 1927
10634 12430
5256 4160
4616 3080
9985 10067
5256 4160
7126 10579
5381 9256
11613 10052
12050 12684
6745 10501
945 2266
11406 9270
10026 11824
1941 3864
7032 4888
7241 10715
11158 12687
4688 7913
13909 13934
8237 11079
12635 13482
13639 13785
10932 11801
13909 13934
1935 3322
2267 6653
13530 13733
9083 11136
2848 8638
6265 3739
8837 10868
12630 13151
7530 7887
12718 13352
2058 2565
8971 11655
851 3333
13117 13839
11144 11974
2619 3096
8972 12090
2004 6552
11263 12516
11862 12769
5270 5970
10434 13453
11611 10138
1450 6934
11764 12851
287 4092
11396 13671
1266 5023
8237 11079
7516 4159
11256 12162
5656 9932
7663 6328
10646 13091
6870 10648
10635 12342
9478 10915
10400 12608
11706 9379
603 5244
12265 13654
12418 11795
3989 1927
6752 10655
11264 12772
7810 8401
9525 12886
3348 8580
13251 12497
187 3889
13258 12752
2771 3209
10313 13570
2035 8443
10313 13570
7253 10724
2848 8638
3083 5634
11214 10672
12267 13831
9512 12529
224 2722
1697 3756
13909 13934
5185 9100
6121 2024
305 3903
5537 13835
10407 13232
11312 10447
9233 11482
2472 3099
4874 9213
10749 12931
12416 11706
1562 7326
9524 13314
945 2266
10432 13567
5275 6591
3159 8303
14240 12898
1935 3322
2118 5943
12416 11706
7364 10261
10951 12688
11406 9270
5127 6726
7239 10566
5256 4160
9651 13166
6870 10648
2619 3096
2887 6823
1438 5582
8103 10710
11863 12929
3986 2025
9645 12615
13530 13733
10282 12697
5436 7380
12696 11964
4763 9372
10948 12605
3989 1927
10131 11627
962 4830
8844 11488
7253 10724
428 4723
9900 12087
2859 8423
6799 7494
746 4648
11557 12330
11712 9966
2629 3960
12726 13540
5027 8873
5127 6726
15389 13894
2471 2994
218 4619
5845 4253
135 2941
9790 13247
1236 6543
11777 13367
4022 5862
12036 11708
135 2941
4815 6852
12253 13221
11406 9270
6231 10023
2859 8423
13013 13832
7364 10261
3382 4171
1236 6543
12355 13484
839 1403
8946 11217
1158 4183
3345 7978
4438 8690
12355 13484
5847 3837
3348 8580
10825 11622
12192 9965
1697 3756
2476 3540
514 2375
11659 12419
12552 13864
7382 10729
4299 3293
9247 12537
5256 4160
6611 10104
10635 12342
4718 9836
3989 1927
10631 12426
3345 7978
5264 3533
13074 12498
12894 12838
5847 3837
11064 13228
3668 338
8846 11573
13059 11614
9083 11136
4279 8689
2920 3203
2619 3096
4552 8870
11049 12423
2334 3432
9995 11204
10546 13768
8845 11837
5788 9208
8958 11082
11558 12245
3689 3854
4552 8870
9113 12266
7382 10729
5270 5970
89 2189
12643 13792
6752 10655
1906 8206
12860 10448
11464 12338
4763 9372
1246 2364
5788 9208
760 1322
10634 12430
3041 6690
3810 8804
8728 11677
12045 12414
1203 6386
9121 12022
3536 5304
2471 2994
264 3687
8729 11413
8956 11152
2542 7410
4146 2655
5755 7674
7621 11465
137 2384
12332 10205
9633 11481
2336 3544
11027 11202
9387 12623
1374 5874
8355 10938
5086 1827
3860 6100
13251 12497
11008 9779
8240 10939
1366 3972
760 1322
12418 11795
12852 10465
10546 13768
12894 12838
7663 6328
12807 12671
4708 8982
9523 13174
6611 10104
1812 3542
958 4827
11474 13299
11142 11624
1704 4287
11143 11799
9769 12172
11406 9270
9903 12347
12532 13284
2887 6823
11396 13671
9476 10986
5847 3837
6910 6332
11029 11285
