32564
19404
1019
11058 3321
16014 12151
13204 7737
11940 6084
6768 8502
13897 10982
7718 1803
14129 12029
5258 7794
14460 12329
6069 339
14542 12905
14989 12533
6474 8361
9656 3530
16458 13745
15810 11683
9304 2661
10383 15846
701 3434
829 5466
11136 2575
16035 11123
10423 2619
9948 2629
3102 753
15277 9819
5396 8209
14714 12338
12033 5197
6165 9029
10894 3647
13824 10421
9873 2903
13293 8194
16300 11778
5396 8209
15769 11327
9818 7238
6918 9581
8350 1326
11583 2270
6173 8218
11481 2799
6862 5293
15016 10663
8297 1749
16409 12667
3589 168
10734 2617
16424 12971
5396 8209
11478 4335
14659 9418
5437 502
15337 10775
10249 2145
10355 2556
10864 2132
11353 3494
8353 1212
16014 12151
11153 1859
6606 8899
16046 11360
16252 11675
7405 15080
14390 5785
10588 3824
15337 10775
6605 8203
15333 11216
16424 12971
5255 7793
5423 4867
8629 3517
9985 853
9468 9582
11936 6380
14930 9691
12644 7728
8972 2334
3721 7671
3987 10588
10425 2622
14392 5784
5483 14470
6310 8348
10200 2564
14639 10657
13357 8051
10352 3065
10423 2619
15337 10775
6754 9292
9855 3387
16252 11675
14930 9691
8350 1326
15142 9315
15565 10889
10423 2619
10867 2439
5648 5938
9303 2491
11410 2563
6165 9029
15860 10458
15775 11118
4847 172
16203 11573
10423 2619
13426 7764
15631 11637
6478 8363
15081 12146
9136 3344
6310 8348
15996 11989
10302 7808
13270 8164
5255 7793
16313 11157
12726 8155
15565 10889
10249 2145
15997 11887
14989 12533
11136 2575
10894 3647
15107 9818
16252 11675
13547 9399
13619 9264
6622 8503
9304 2661
13497 7766
6768 8502
14819 10772
6478 8363
10464 9461
6558 986
15791 10782
5104 7796
15997 11887
9948 2629
9872 2902
16424 12971
12191 3590
10822 2897
6699 1318
15337 10775
4633 7505
4040 516
11906 5026
10492 7559
6622 8503
16151 11572
11282 2257
11206 2811
4732 3407
12630 12305
6769 8504
9364 14212
10402 9286
15856 11226
11919 9597
1713 47
6325 8643
12811 6409
16409 12667
11304 2437
5274 569
12794 7869
13001 7452
14545 12236
5560 8498
10770 7825
10122 4860
10425 2622
4803 5873
15775 11118
6622 8503
1978 14819
10568 2449
12811 6409
13338 8445
14627 12715
11353 3494
9656 3530
6769 8504
9363 5105
13204 7737
6605 8203
14553 10994
3507 9966
5974 5291
10135 8520
14545 12236
11136 2575
4522 387
6605 8203
13486 8184
14460 12329
11939 6233
13427 7908
10262 2458
11909 5029
9362 5612
14622 14184
12592 4630
1904 10578
10463 2514
12186 1458
10964 2084
5799 7282
10891 2790
14390 5785
4715 14544
10037 2732
13478 8321
15833 12827
8029 1443
352 838
11304 2437
4540 171
12037 4862
16292 11659
13204 7737
6019 7792
10734 2617
10988 2409
6333 3333
11906 5026
14724 11213
6415 886
15089 10548
13614 9787
10491 5767
16301 11779
15565 10889
7811 4362
5274 569
12728 7299
6768 8502
3113 469
11447 2280
11353 3494
10356 2729
10712 2133
15333 11216
11694 2569
13482 7749
3429 207
11895 4333
15142 9315
9304 2661
10202 2566
6606 8899
8617 9177
10825 2558
12037 4862
15901 12155
460 579
10548 1484
8348 1564
6021 8076
352 838
11906 5026
8348 1564
6475 8220
15860 10458
14527 9310
5104 7796
10202 2566
13119 10024
9694 5103
5437 502
9136 3344
8298 6043
5267 3498
15626 7780
16249 11348
6069 339
12592 4630
13975 11312
6161 8487
14380 12039
5274 569
11806 6231
16503 15992
14995 11108
10355 2556
10579 2618
13579 9277
11583 2270
7815 2821
5683 4473
11806 6231
10402 9286
