23612
13506
949
3526 2205
158 519
9726 8861
9088 8994
6394 5277
1689 1321
3596 1198
8181 3311
1569 6516
7793 5813
839 5425
2094 1270
12678 10748
9382 8624
2292 2965
6487 2725
158 519
9984 8800
3074 8817
6337 2790
3233 7050
12355 10733
2402 3303
774 852
10303 9489
2493 6697
1683 1275
11430 9780
2914 6413
6793 3189
10761 9912
2402 3303
1008 5788
3224 6502
6793 3189
12154 6348
5626 3522
8058 4663
3019 6227
4619 2023
9984 8800
2483 6233
7172 5355
2614 3774
12675 10781
2093 1171
6861 5268
1279 5785
6436 8490
8395 7922
2093 1171
6080 8825
11667 9517
11200 10008
6431 8254
10359 9588
1851 6883
11200 10008
12499 10750
1101 6060
2729 3776
8030 3313
1117 1181
7632 5108
1182 732
12154 6348
8082 1830
11964 5525
761 5606
11658 10212
4858 2081
8026 2659
11508 9665
6431 8254
11655 10215
2583 5770
2511 3567
8322 2532
2917 6691
10773 9306
3496 1151
2601 6786
12208 592
6098 4595
3019 6227
7104 3054
11772 9855
10303 9489
6000 8317
7576 3446
3285 869
2181 2645
3322 2440
774 852
11083 9676
6793 3189
5208 7624
3343 4878
6514 2363
11969 10296
10146 7629
3120 6134
5685 7730
7094 4543
839 5425
11776 9712
3526 2205
10621 9735
3132 6964
6261 7016
2443 1068
11430 9780
9966 7432
1369 5604
6116 7246
7728 3589
6338 2855
9500 9281
3648 5200
10621 9735
3601 1442
6710 5357
3340 5490
8982 9052
3526 2205
1124 656
1468 5874
2511 3567
7153 4358
130 3206
5794 7405
6064 5879
10291 9026
3389 919
2054 6795
10145 7630
10105 9374
1832 5238
12675 10781
2443 1068
6338 2855
6793 3189
12755 10803
1585 941
1474 6152
8322 2532
9257 3917
11924 9705
4241 5939
1981 1272
9974 9030
849 996
2614 3774
6700 5366
6639 2726
8397 8120
5689 7666
10105 9374
3432 6318
2127 9186
4272 4768
3132 6964
2338 973
1474 6152
437 609
12432 10661
2273 5866
1373 5787
10303 9489
2094 1270
3132 6964
12738 10800
2443 1068
9984 8800
8984 8878
10956 9576
9979 9029
5484 7352
1778 1323
3631 6311
12675 10781
4855 2079
2273 5866
12086 10029
3330 6319
5705 7945
2093 1171
10958 10255
2078 3443
2373 6328
10216 7496
9974 9030
1117 1181
6337 2790
3794 10145
1493 989
3322 2440
9979 9029
1832 5238
2583 5770
11600 10088
12638 10810
10955 9475
1683 1275
3132 6964
11827 10081
3389 919
7630 5372
7883 3380
3677 4465
7728 3589
11715 10036
5816 5280
496 902
11431 10091
1689 1321
3253 8661
1204 4800
6667 2364
2054 6795
3389 919
6100 4674
9966 7432
6436 8490
12355 10733
6653 5143
3112 2264
12528 10770
937 797
9021 7226
7877 2979
2601 6786
2181 2645
1977 1078
6736 8314
3019 6227
8181 3311
6394 5277
12068 498
2125 8426
1468 5874
7104 3054
9856 8857
7511 8311
8326 3379
2442 1117
2810 6142
1977 1078
7636 5174
1474 6152
10773 9306
1398 794
1101 6060
12553 10772
6394 5277
2601 6786
6431 8254
3677 4465
10761 9912
1585 941
2481 6146
6009 8442
4837 3269
9982 9690
12634 10784
11637 10187
1964 3170
496 902
8385 5914
10955 9475
1964 3170
1768 9701
7153 4358
10957 9418
12774 10802
2273 5866
11543 10133
666 1776
8982 9052
7733 3242
9845 9145
3322 2440
7153 4358
8466 2595
7507 8250
2401 3168
9021 7226
3018 5954
2621 3572
3445 7128
5624 3397
1964 3170
6431 8254
2861 821
8366 4939
7157 4598
3601 1442
12678 10748
2667 1941
11543 10133
