31525
19398
1347
2984 6450
4564 6303
2134 5559
9896 12048
4336 8188
2283 6233
4746 8229
7862 9948
2553 5857
12568 14445
1327 3650
9821 12432
8443 10928
11471 13917
3235 6517
2640 6448
10544 12502
2638 6446
15208 15209
1358 4687
1681 3318
1447 3972
12469 14301
7282 9545
2894 6352
1192 3309
10884 12754
5785 9223
3881 6640
5964 9354
12088 14245
1507 3751
8443 10928
1942 4478
7744 10524
9720 12469
2630 6110
6991 9331
2498 4774
4690 8797
8445 10661
2001 4371
12954 14724
5106 8101
11638 12269
4805 9140
6840 8976
3097 7529
8426 10570
4166 7733
3881 6640
11883 13988
7600 10378
4955 8994
8610 10947
1324 3646
11569 13839
884 3004
960 2980
11741 13307
2441 6077
6133 9482
12265 13969
143 650
11531 12992
2441 6077
7427 9649
12842 14356
5100 8543
3943 8429
1555 3159
2611 6580
3938 8273
3492 7102
6111 9567
1477 5376
4800 8877
13666 14785
2029 5625
1504 3907
9666 11485
10687 13482
8559 10190
9678 11988
1878 4244
8433 10780
8054 10688
20 167
1806 3960
5634 9238
11531 12992
8441 10924
7453 10217
11470 13846
7450 10377
12489 14394
11118 13462
848 2397
2574 6699
6536 8844
7434 9550
12767 14454
6986 9324
5106 8101
12463 14163
4607 8560
4464 8736
1808 3801
5427 6823
10213 12851
13410 14967
7427 9649
10884 12754
2620 6755
4462 8732
5117 8985
9929 11891
1507 3751
2590 6390
1243 3839
11539 13384
5438 8540
2898 6027
3497 7268
1926 4280
4169 6108
2441 6077
9902 11612
7022 10153
2278 6389
2032 5628
4908 8225
4179 7746
7862 9948
804 1925
884 3004
10577 13102
3938 8273
8286 10037
7884 10593
4966 9369
10032 11470
5785 9223
8022 10451
4773 8706
7477 10955
7022 10153
3 76
11985 14178
1073 2835
5430 8385
11539 13384
4164 7731
264 962
6978 9636
1360 4515
1205 2583
8565 10499
11116 13386
11761 14166
10742 11691
1101 2448
1876 4415
5789 9447
4927 8391
3244 7339
2632 5946
10554 12431
11946 13381
2815 6452
6833 9210
10742 11691
9720 12469
1097 2049
20 167
2173 4937
4784 8993
11960 13902
3318 6773
884 3004
2800 5941
7477 10955
3148 6774
2448 6249
1935 3958
3751 7171
1327 3650
3096 7989
2631 5778
4607 8560
4635 9016
10687 13482
5430 8385
2446 6082
7719 9756
4464 8736
11530 12991
11330 13460
4619 8724
7582 10041
2451 5922
304 953
2763 6885
10186 12246
11741 13307
2440 6573
3751 7171
11363 13918
12235 13141
1392 3275
3668 7269
10662 12341
2623 5247
4287 8728
2898 6027
1194 2711
1483 4689
10571 13252
4927 8391
307 771
3932 7965
1600 5719
1101 2448
1692 4309
11789 14257
884 3004
12242 13070
10688 13334
13500 14909
8718 11058
12954 14724
9551 12170
5972 9474
7428 9546
413 1549
12463 14163
784 2154
4619 8724
2611 6580
12462 14033
10544 12502
1197 2718
6978 9636
2862 7447
10063 12253
8844 10988
1328 4312
264 962
4104 8116
5804 9351
12491 14464
11334 13608
984 2713
4675 8488
2445 6410
4055 6971
8567 10433
5603 8967
6834 9212
2735 5866
2839 5286
2387 6507
2609 6743
13910 15059
2174 5110
4522 7591
2283 6233
9903 11537
11253 13635
4164 7731
2173 4937
12716 12899
2224 4463
12864 14727
2393 5002
3020 6140
4344 7739
2747 6869
2426 6882
4785 8715
10426 12155
6978 9636
4895 6955
11254 13708
4109 8424
6834 9212
5420 8373
11878 14044
5259 8081
296 1533
7578 9855
2770 7056
7282 9545
5297 9122
11624 12401
2735 5866
79 369
5477 9254
3943 8429
11677 14050
