22238
13687
1278
3558 10359
2469 4562
5647 7391
1055 7437
9131 3241
2448 1585
4408 6870
2869 6504
3254 9791
6893 7697
4857 528
9640 1838
1444 8774
2560 10166
7528 7700
1931 1758
1630 7534
3809 10096
4070 9899
1245 7945
2460 3860
2340 5640
2684 9956
728 5730
10947 2449
8272 1109
2149 9676
2191 7796
8015 2658
2497 7201
10286 2543
1364 7748
3392 9605
4335 10345
4217 10460
2392 10011
2958 9123
11565 1870
2996 10162
4172 8445
2696 10160
11387 145
2247 9341
2560 10166
4662 8185
2158 10107
2413 10208
2624 5616
547 4717
5071 2471
2350 7092
1176 7543
1239 7848
6699 4162
2319 5253
9675 3243
4557 9659
10536 569
1419 7327
9677 3124
1867 7936
2607 3978
2155 9963
2633 6085
8605 3958
1782 8029
9677 3124
1630 7534
4212 10418
2468 4449
1399 9882
3809 10096
9095 4509
7766 5587
2340 5640
403 4722
1867 7936
2495 6879
5387 10519
8 1111
2191 7796
2684 9956
2495 6879
1805 9485
3903 7622
10287 2314
6766 7795
1364 7748
10503 5240
4589 10554
3380 9050
837 6071
9044 3610
2490 6541
4341 10459
6884 7067
684 5729
4209 10307
2192 7896
4458 10266
3526 9657
174 1891
8101 2964
1458 7472
9205 1704
11079 1106
1288 6559
1443 8993
2570 7270
3722 2574
1131 7766
4683 9842
2247 9341
2895 3515
4194 9729
3820 10235
2313 3974
932 6449
4579 10304
9677 3124
4070 9899
5157 10523
763 5272
4675 9723
4065 9900
6884 7067
10422 5359
1097 5986
1199 8863
2124 7418
3820 10235
4328 10139
8136 2427
1958 8450
1097 5986
3295 5588
2356 6992
6517 8168
4195 9952
4084 10421
6 4552
2373 8979
707 5496
6884 7067
960 6447
1828 9762
4040 8101
1849 1562
3120 10148
1418 7326
2401 9924
3361 7416
2467 4560
2149 9676
11549 30
2340 5640
8010 2889
1135 8639
2811 9052
4906 9995
2320 4438
9421 4393
9879 3475
2814 9537
2448 1585
2459 3861
3952 10272
3361 7416
2468 4449
3413 10154
8605 3958
9959 641
960 6447
7484 1916
4053 9527
3944 10267
5155 10491
8822 4072
1586 9552
2313 3974
1184 7751
10745 710
2678 9732
2191 7796
1648 9134
462 4490
9690 1992
2994 10202
5242 9848
4298 8280
2344 6759
2984 10019
2851 10164
2360 7625
2838 10234
4962 6295
2042 7932
2325 5142
8548 7614
4315 9783
3397 9731
10476 2204
7028 7889
707 5496
1257 8785
3940 10093
1714 8374
3402 10146
1868 7839
1553 6783
4298 8280
8983 6140
8251 3002
4199 10137
2375 9053
570 4554
11163 308
2134 8608
2191 7796
1879 8983
4585 10382
2607 3978
1286 6101
7639 2778
10280 304
2067 9913
9044 3610
2777 5965
1461 9369
1286 6101
4557 9659
5950 9782
9249 3360
3368 8105
869 6220
1566 8117
1745 9697
2498 7202
8822 4072
9782 3129
2067 9913
3722 2574
2401 9924
10421 1134
4962 6295
2854 5576
2833 9487
4443 9785
1526 9820
7783 6516
8251 3002
2320 4438
3953 10349
3944 10267
2753 4095
6389 1304
3823 10276
10212 4773
3823 10276
2373 8979
11426 1108
1868 7839
2956 9126
1637 8119
4557 9659
9780 1770
2497 7201
1701 7325
7645 5470
341 4379
7528 7700
2158 10107
4536 7722
782 5762
1980 9916
8272 1109
2353 7312
6766 7795
2375 9053
3120 10148
1303 7942
9044 3610
10417 1039
2191 7796
8136 2427
1980 9916
2811 9052
394 4260
3361 7416
9205 1704
1055 7437
2630 6077
2811 9052
3396 10053
11387 145
4317 9787
4170 8100
9677 3124
1461 9369
962 6334
