29621
17690
889
1898 356
5255 6128
6323 12278
3538 7731
487 2268
5823 12891
8988 8722
5576 12004
9562 8518
597 2582
10666 13337
9979 12372
8746 10730
9979 12372
10666 13337
597 2582
7531 11944
6434 12654
8748 10603
1118 2735
10176 13338
1052 3897
13265 13600
10917 14396
581 3120
5506 5492
6760 7957
818 1321
11275 14470
6681 12155
569 2829
6119 6349
4610 9083
6800 12281
1234 4041
1880 2599
761 2301
6213 11383
9620 12748
675 2855
14745 14286
2433 4594
2114 4736
666 3123
13154 14298
6323 12278
9272 13343
2114 4736
511 2575
1229 3855
1155 3914
5078 9678
831 3529
1134 3995
7531 11944
493 2691
3930 11896
7643 11819
12594 13944
2431 39
13303 14075
4292 8912
1177 3934
13228 14154
999 4210
10757 13618
5378 5630
5693 10040
10473 13227
6680 12154
9889 12991
5078 9678
9255 8892
6313 13015
11460 13212
767 3280
2433 4594
12236 13690
578 3119
573 2695
3314 636
977 3918
1042 3285
6473 11293
12035 13580
9182 13113
657 3256
5093 12999
5774 9509
11314 12098
5200 9681
503 2704
6558 12531
6350 11290
1051 3434
8136 9764
1053 3618
4948 5409
6676 12655
2524 13611
10244 6951
5101 13124
6291 8907
596 2581
1772 2050
5769 9138
5570 9796
7531 11944
6718 10713
4292 8912
671 2712
13664 1833
139 11861
6433 12775
1134 3995
724 3226
5200 9681
8410 10456
9795 11867
8136 9764
6995 6160
5769 9138
9979 12372
960 3433
1116 1485
576 2975
9255 8892
5576 12004
11281 14441
1053 3618
7453 10637
1177 3934
12002 9905
9648 8769
5337 13000
10271 11009
2205 518
7753 10462
5337 13000
10073 11481
8944 9488
5126 6907
9714 13344
9079 9241
8307 10083
5093 12999
3538 7731
1234 4041
10659 11113
831 3529
5196 9257
4079 9525
6474 3973
675 2855
6314 12896
11281 14441
10473 13227
4295 9089
677 2720
12361 6580
8136 9764
7528 10035
1229 3855
13153 14077
671 2712
10475 13534
495 2836
6315 12774
358 1213
8748 10603
10073 11481
6022 9626
1042 3285
5505 5353
10378 14126
5256 6127
13441 13911
7774 11820
588 2987
1155 3914
7722 6643
8523 10096
10467 14009
768 3141
2114 4736
6835 11413
10991 14345
495 2836
7184 11934
10179 13880
15010 6654
8142 11467
9979 12372
1229 3855
783 3335
11258 9240
576 2975
5101 13124
13441 13911
14745 14286
6314 12896
487 2268
13228 14154
8988 8722
14745 14286
5200 9681
677 2720
6835 11413
11115 14404
1643 5585
9375 9464
7753 10462
5215 13121
662 14273
10167 1042
1795 12716
3538 7731
573 2695
12782 13852
10073 11481
495 2836
7297 11933
1116 1485
6315 12774
8634 10965
783 3335
5337 13000
7643 11819
1155 3914
7745 11663
10378 14126
10994 14403
7181 10952
3210 6169
3474 7655
1053 3618
6834 11295
8694 6042
5823 12891
8535 10481
588 2987
5950 12771
9164 8254
13228 14154
9796 12747
7292 11539
6446 12152
7628 10953
1300 2875
10075 12868
7623 11794
582 2845
8136 9764
5998 5487
1234 4041
9001 11613
8748 10603
9705 11739
6473 11293
479 3499
13073 14078
4295 9089
963 3478
5217 13242
1052 3897
1880 2599
10475 13534
7774 11820
4194 9085
10991 14345
8913 12508
10172 11737
666 3123
13228 14154
6473 11293
3519 7074
13265 13600
1880 2599
13303 14075
4117 11771
11225 14402
761 2301
5093 12999
2268 2241
11843 9787
960 3433
5715 12521
2244 7830
9624 13445
9255 8892
14590 11503
9784 9443
5261 6358
6718 10713
1207 1356
8636 11083
4586 4557
4295 9089
7710 6526
10670 14124
