27859
15591
966
5379 9452
5243 7450
4314 8244
14098 10775
8119 11276
3826 8852
9379 11248
1136 4003
11262 5442
8077 3530
13056 1079
1527 9263
5885 8958
5008 8672
3822 8689
4498 8998
5143 3805
14058 3886
10801 1153
15421 6146
2077 5675
5924 10387
12707 11099
4880 5441
6019 5484
1478 5677
4314 8244
8017 7191
4987 8512
11771 9977
1123 689
4577 6055
13892 10281
3329 8399
4759 5916
7847 4202
11724 782
3337 7707
6668 4720
8017 7191
3243 3792
8125 11417
6663 10554
5022 9454
13542 9556
3657 7988
3243 3792
12288 5292
1973 7541
4672 9000
6705 5591
2731 6999
4987 8512
66 301
6382 5341
14205 10589
4661 8985
3243 3792
13892 10281
1402 8240
6770 4080
5475 6199
8125 11417
4577 6055
13737 4581
1117 8663
3334 8270
11757 7719
8800 3654
5059 7589
5383 9307
2731 6999
6655 9774
3487 8404
11086 6588
9927 11749
3027 7423
8119 11276
2726 6846
9756 11841
15376 5157
8362 7591
849 2625
3480 8252
9205 11525
7721 10047
2589 6558
9028 11530
3815 8537
12286 5291
2425 7664
4363 3481
3243 3792
3822 8689
8654 11752
13892 10281
8292 11111
4363 3481
2713 7112
2780 3930
3012 7964
9646 6297
8664 10961
7198 11137
12707 11099
7198 11137
3178 7979
7672 4917
12283 5433
6749 2750
6263 9891
2720 7692
3652 8545
10287 11838
7015 11132
4588 5917
13898 11471
4161 8694
4486 9295
13568 9035
3172 7976
3393 4775
11413 7722
14343 11722
6810 1600
10146 30
7193 10382
8330 9941
5008 8672
4329 8550
1121 3972
10133 12150
12286 5291
12301 4732
4847 9154
2439 7399
10519 6721
9408 11943
4363 3481
6059 9111
5382 9613
11061 7298
6749 2750
6481 10853
8402 8622
8655 10813
1136 4003
7558 3085
10632 2447
1683 8380
3632 7949
9694 3645
7646 6034
14662 4303
7768 10253
6654 10394
13752 11189
3826 8852
3727 5343
14645 622
9426 2674
8362 7591
4461 8371
6477 10246
2780 3930
14034 7295
3916 2616
8682 11551
13635 11491
9028 11530
6156 5588
10286 11748
6920 6622
8862 11775
10888 8288
5382 9613
12474 5164
907 2469
3243 3792
8391 8038
1774 5124
2875 7567
9255 6002
1883 5417
12356 1994
2043 7941
6391 5632
15129 10467
2720 7692
8318 2823
6923 5905
6405 4217
2787 4779
9211 11922
3644 8393
9646 6297
974 2777
4781 5633
1977 5259
13737 4581
11842 1995
2080 5819
7959 10710
11088 8297
10888 8288
3978 9142
9208 11251
6020 6056
11051 158
14645 622
14205 10589
2567 5802
7322 3936
4316 8675
12707 11099
6923 5905
3470 7948
11157 1562
9876 4060
9408 11943
9627 6729
4329 8550
2731 6999
4540 4037
13322 11486
1977 5259
2476 8047
3225 8328
4200 3897
9044 11669
3657 7988
4973 3778
10924 3257
4247 5915
1267 3994
10286 11748
4064 5627
3490 7839
12283 5433
4987 8512
4821 8657
8316 11674
8391 8038
3988 8992
9205 11525
14670 3746
3819 8116
14058 3886
12286 5291
2137 5923
8492 11552
3482 7967
4832 8829
12288 5292
7384 11130
6655 9774
12060 12131
15129 10467
10502 53
13133 3480
2092 5561
9210 11253
9255 6002
3989 8688
3824 8410
14488 9026
6019 5484
214 669
11259 5724
9209 11921
4577 6055
7198 11137
11259 5724
3467 7808
8844 11998
14488 9026
1494 4988
5008 8672
7560 11275
2726 6846
2723 5843
7104 5620
11586 7718
6019 5484
11724 782
7106 5477
3808 8106
6658 9623
2075 5812
66 301
8655 10813
6405 4217
8700 12164
4161 8694
3994 8130
4146 8391
9988 6872
2731 6999
4316 8675
6369 4342
