27859
15304
876
7576 11139
2454 6704
4068 5912
6024 5770
11183 458
1982 6264
9498 8181
9383 11248
4495 9453
8725 6299
1884 5986
5024 9153
5112 5767
1959 5380
65 379
4962 3666
10725 7590
2067 6243
10105 11748
10311 12144
2229 2297
4844 9304
6945 5353
4068 5912
6670 5575
2225 2145
2814 7218
7384 11277
5479 6345
7772 12034
381 1299
7015 11131
2203 6557
2855 7256
10662 12067
10578 9374
4497 9150
10140 12319
1494 5699
2740 1667
2510 4924
9133 8038
6651 10541
11952 9202
1587 5273
15289 11035
7569 11418
3331 8118
10486 12135
739 2473
2187 5819
5383 9616
71 230
10310 12202
8205 5465
9573 11922
14333 10872
3706 3770
10832 12064
2875 7564
1495 5272
1462 8975
13416 4018
8896 6587
6937 7779
14333 10872
5201 9766
10310 12202
7771 11793
1884 5986
5563 9923
867 3683
5702 8803
2073 5959
3382 8919
6315 5582
3654 8546
15228 638
7979 5584
6479 10849
6424 9886
2067 6243
4329 8998
1494 5699
8205 5465
5200 9760
6833 10383
9059 12220
3134 7516
8037 3782
4320 8985
1157 3239
9753 11840
6670 5575
2617 1694
3642 8534
2550 6366
10490 12306
14279 11837
4332 8850
7916 10960
12647 4601
3181 7845
4499 9155
7909 10358
6107 10237
9770 12080
2688 7231
2514 3810
8341 5007
1752 4272
4329 8998
8037 3782
3326 8114
3989 9149
6754 5203
5382 9921
9133 8038
6951 8628
8379 6311
2726 7561
1688 285
2855 7256
10011 8297
4706 10611
6846 11002
4066 7211
3654 8546
1731 4516
2855 7256
1593 651
2694 7664
10311 12144
6025 5629
1495 5272
6848 10854
2203 6557
7979 5584
6657 10549
8283 10661
1882 5982
7979 5584
6836 10546
4320 8985
2814 7218
2089 6266
10049 8918
10310 12202
3025 7979
218 560
110 663
10314 12342
10725 7590
12933 11469
4143 8674
6021 6200
2712 7680
8018 7472
1157 3239
6273 2948
7486 4630
15366 5857
3370 3041
1780 5696
3808 8245
9383 11248
2193 5820
6295 10087
3652 8685
6213 2759
8878 12093
110 663
4328 9151
5766 4866
2573 7397
4411 5627
2939 4922
6107 10237
10733 7744
3982 8986
7909 10358
1977 5683
66 297
14334 12248
8655 11105
4248 6779
5024 9153
4332 8850
5852 2312
2061 5660
492 1033
8397 7334
2074 5675
3856 1379
8121 11414
7576 11139
2064 5522
1978 5826
1982 6264
1631 4375
7909 10358
4839 9604
1882 5982
8239 4074
4813 10091
12933 11469
2081 6109
3820 9301
3086 4633
4378 4471
7481 6622
6836 10546
9026 11649
2081 6109
14279 11837
12146 9215
5622 9218
1975 6107
14334 12248
7937 11417
8037 3782
4576 6774
2067 6243
3992 8552
8037 3782
10501 12352
9664 8025
11756 2858
4663 9449
3028 7702
2689 7517
6848 10854
9498 8181
2617 1694
1155 3674
3652 8685
12821 9683
1856 5375
8323 11679
9580 11926
5024 9153
7387 11281
3856 1379
10085 2310
3638 8387
4405 7065
6945 5353
5602 5595
10140 12319
2296 5382
4063 7351
8205 5465
7565 10834
3904 6778
2321 6701
3425 7358
1589 650
8871 12157
2301 6676
4378 4471
2203 6557
8494 11673
10486 12135
15454 976
2855 7256
5446 5181
8323 11679
5843 5914
2573 7397
8494 11673
2321 6701
10733 7744
11539 12063
9209 11752
8212 7336
3820 9301
12647 4601
1981 6404
9562 11247
3027 8122
6021 6200
7421 5867
10140 12319
2021 4495
8835 10956
5018 9606
10140 12319
8018 7472
4161 8848
12702 11099
109 377
5479 6345
2584 6691
9434 6718
6592 4360
5473 6629
4150 8829
2869 7415
2061 5660
6371 5194
