32560
20041
1982
14280 12523
6215 3561
8909 6656
13340 12187
15066 6214
7046 4235
9846 3928
1912 910
16052 14729
8828 2322
6550 4069
12839 6447
2723 2090
3306 1721
15965 9902
701 163
13145 6260
9991 8457
13904 6415
8395 6133
13263 5170
15677 14317
12127 3290
1228 376
13218 11393
3047 1825
12988 6613
11024 8447
14030 5860
13314 8039
6411 8656
15911 15012
8565 6480
2231 1567
6346 5413
9967 8083
6885 4072
1032 159
7879 5429
389 12983
519 14501
6059 2898
15545 14504
12493 6259
7531 5770
3421 1358
13447 6779
13687 13398
10420 3644
14923 6736
11202 8271
15907 14770
12638 5009
993 421
9177 2165
11765 4271
376 14421
2358 795
9195 3138
3036 2372
5047 3352
3422 1723
2094 743
5724 1138
7303 2984
14031 5507
3912 1360
12839 6447
2642 1240
11555 10039
4787 2735
2646 1139
13010 9458
16097 8873
13897 5702
15364 7104
9275 7380
12873 9821
14909 8852
13255 5159
3072 1363
1679 651
2985 1613
9776 7356
13502 12196
12468 4309
9953 8770
12120 3788
15536 9434
1779 684
9194 3307
7689 5407
14578 12676
16025 14903
16013 10298
12847 7694
13729 11778
15583 14240
2474 624
8656 1911
1470 373
12409 10382
16131 14951
1822 899
13279 4310
3541 1594
12295 4306
1470 373
15464 14942
16436 10126
1474 538
12317 5370
9989 7927
4214 2136
12847 7694
13981 12206
16411 9406
4320 1848
10501 7740
9846 3928
6885 4072
16343 14927
14371 7303
15361 7810
14122 12359
4739 2851
8135 1909
2845 1132
15082 6755
1530 754
12295 4306
15283 13866
15055 9203
10142 7908
12869 11365
13897 5702
10676 8270
13773 8206
2319 1951
3300 1982
14083 7681
8906 5945
14590 13392
2161 845
8226 6841
3072 1363
12510 10663
14707 13867
14789 8333
5527 3520
10603 3986
14261 12955
912 525
15780 10473
13135 6606
15986 9055
9275 7380
16285 11931
9191 3139
12116 4471
11643 4680
15288 14105
2161 845
646 115
2524 1450
14102 13609
2089 626
13264 5343
13979 12524
6783 1201
14043 5862
1903 772
16096 8343
12228 9863
13313 7864
4932 1359
7687 5232
15285 13870
3420 2118
9513 2034
2410 1685
14293 12694
16411 9406
5368 3691
11318 4182
12457 4821
12149 5201
16052 14729
14929 6922
7471 2979
6087 1892
9465 7749
6397 3918
12439 4813
2318 1686
2453 922
12295 4306
2142 1445
1615 660
14911 9204
13103 5168
11865 11200
4366 1514
2754 920
10488 8078
13617 7146
13881 5863
7421 3421
6293 2345
1822 899
14857 13747
2274 627
7080 3420
13516 11715
2646 1139
1682 769
1814 761
12291 4307
10313 7726
7472 2820
13968 12517
3207 1378
1913 723
12713 11040
15214 6920
2721 2226
13447 6779
2581 877
7365 4561
16131 14951
13564 5857
15133 9971
13617 7146
8937 5453
1919 854
11555 10039
16096 8343
13167 9459
1542 599
16916 7991
13862 7770
2081 993
15814 14235
1284 427
12984 5374
16409 8524
7879 5429
796 363
12409 10382
7408 4600
12500 5561
4214 2136
16407 8699
13322 9978
3666 1598
1283 540
8557 5943
15138 14408
1738 694
11799 4671
12462 5176
7363 5253
16154 5028
2858 1059
14649 7108
1284 427
8180 3332
11024 8447
7757 4263
1828 837
12139 5189
13687 13398
13313 7864
14261 12955
7540 5786
8817 2037
14696 9276
2195 749
13434 4833
2336 1131
12837 6623
16024 15060
15208 6713
2156 843
9629 7738
13322 9978
11202 8271
15911 15012
13838 12382
14702 13860
5854 4035
16455 15144
13190 11700
3436 1153
15078 6568
8944 7571
1885 1444
7466 2641
5526 3862
16211 9234
