38666
23920
1750
5323 3410
11081 7539
15460 12791
706 17294
5672 11404
8187 4268
1250 1749
15399 9330
8776 6358
15403 9506
18373 17626
8024 3733
18366 17828
8163 1564
136 35
99 5
1490 2304
17827 17622
10864 6360
16004 9069
7300 1259
14114 7588
1508 2858
7849 4096
10324 7465
16358 15529
6644 4285
1359 13748
4878 2024
7908 4511
7834 3538
14782 10403
4681 3782
6448 3172
4104 341
6883 5079
18831 18087
9763 6307
7851 3916
19055 18097
8894 4093
17441 16651
17978 15885
16849 15672
8170 1413
4680 3599
10474 7632
16372 16132
19371 17843
772 1795
6111 2819
10935 4404
7495 3728
8277 6389
14784 9742
18374 17627
11265 5868
11936 5871
1205 2493
16849 15672
15466 12088
11851 9812
7658 3352
10301 6879
4680 3599
14949 8123
10130 5760
15295 11767
10549 7324
180 133
17212 17815
10304 6695
15979 12623
18307 16822
11431 6983
14853 16875
7575 5077
4636 12793
10649 7634
16367 16264
18771 17426
17746 14368
17330 16693
7146 3361
9601 5756
6057 2034
404 493
7575 5077
889 18181
4006 15117
338 327
14775 8850
17985 17644
463 405
6845 4490
9767 6121
9242 4636
14608 10076
6280 2283
8032 4648
11013 10142
9381 2605
4424 427
7461 1250
18367 17927
18095 18100
6851 4865
16813 11781
4728 1685
13768 7397
1014 1625
9066 4454
17841 16758
18028 13003
7849 4096
8305 4921
7791 4385
19508 18271
17189 16979
10422 3680
12174 9989
16659 9587
8718 4273
17172 15965
13768 7397
16943 16346
17789 17235
7017 4673
11272 5319
222 118
17010 15221
7432 5288
11929 7733
13090 5711
9676 6572
6644 4285
11851 9812
18055 17232
11522 9814
7495 3728
4913 522
4057 2183
11602 6613
13596 7018
12130 3698
16381 17256
12249 7175
18413 16778
9676 6572
6470 5943
7548 4867
7834 3538
763 1041
6975 4271
10672 8027
693 1632
14778 8675
4990 3587
10494 8205
18016 15913
7045 4331
8877 7043
120 58
14776 8670
8072 4683
8669 2948
15510 15373
15496 8707
16702 16418
8172 1735
10837 8930
12244 7355
16305 15783
15628 13856
15812 11920
17172 15965
11010 8390
2522 15858
9078 5573
19494 388
10246 3678
16521 15530
9381 2605
7216 4333
10382 6952
16198 15380
19085 18121
8617 6372
14503 13752
9757 6113
8617 6372
9200 2956
16974 13522
16201 16118
16056 7115
16161 8702
4424 427
15295 11767
14114 7588
18240 17624
6966 3718
5548 1688
14809 7220
7789 3840
18975 17937
11929 7733
17441 16651
15292 11922
8707 4627
10147 8204
9425 5754
8971 6004
6770 7191
10130 5760
726 18080
8482 5297
17441 16651
10970 7242
4431 267
943 2149
15366 15730
7365 4857
1490 2304
10022 7503
9557 2604
9007 5484
16169 9595
16612 14658
9557 2604
16368 16121
4274 141
8167 1570
16368 16121
9578 6669
10894 7702
8166 1410
15857 15066
8188 4087
18107 17623
10241 3852
12100 6245
18097 17823
9379 2783
7487 3355
5412 3874
8617 6372
1222 2509
17297 13001
7489 3357
18413 16778
11123 2261
11207 5800
7536 5785
4728 1685
848 1180
17499 17117
16974 13522
8886 2989
19326 222
8313 4565
11714 5247
14256 6812
9402 7049
16868 16843
15628 13856
13522 9343
10987 8373
19284 18218
7043 4332
8862 2966
6057 2034
19017 17461
9242 4636
8718 4273
18854 17407
1419 2329
16367 16264
5047 1682
13939 7210
12412 6432
5233 620
4350 3224
14604 9385
11378 5432
10301 6879
9382 2603
1623 2683
406 412
15399 9330
7548 4867
12241 8101
17440 16219
8091 5628
7103 2767
9713 3849
120 58
13768 7397
11179 9808
11774 5687
10494 8205
