32560
16044
533
5452 13793
9622 9293
3453 14016
12964 5889
5317 1100
7903 2885
11121 7131
14221 9773
13238 13018
7903 2885
2485 2032
4976 10283
11963 10985
6095 11280
13043 1034
4200 15137
12859 8758
7262 352
6116 2047
2694 10086
8080 8809
4669 11399
15246 3856
8907 136
7763 1270
11826 9993
8093 11784
8907 136
15952 14332
11824 2735
7460 9795
7211 726
16174 13291
15783 759
9800 7744
3842 2192
2006 10241
9285 1899
7968 10364
10720 11733
15438 13150
10678 10095
2349 12872
1681 10067
11091 3179
2797 7516
13238 13018
8645 7986
6589 1048
11143 11219
898 10943
6450 11166
11826 9993
8471 9081
15498 14037
7141 4630
15709 6315
10763 5749
4799 15430
7944 5011
2033 13406
8019 11841
2346 6807
14410 14031
16468 2833
8471 9081
10241 4381
2499 10483
6099 10171
15634 10905
10179 14167
5113 10070
6095 11280
8080 8809
4026 14412
14671 9913
3200 10858
13453 8164
15258 980
4200 15137
2860 14142
10190 11796
8645 7986
13964 1569
11885 6138
7903 2885
8299 4116
15441 10584
7945 7391
7020 1918
7763 1270
9642 13181
5113 10070
7276 11813
12964 5889
15842 7258
3233 12559
10067 8031
6592 5527
9800 7744
14221 9773
11121 7131
9008 15051
2360 7116
12848 6128
14984 2497
15295 11645
3453 14016
9007 4136
5705 2699
6768 2179
11772 13941
3511 10015
13238 13018
6974 7553
9729 9831
11880 11138
13911 3033
9673 11848
15258 980
478 14128
2894 7488
6924 10920
891 13781
1875 876
16161 2183
3804 1204
14191 14725
2121 497
1632 8434
7138 6233
295 11570
1047 14444
10914 11118
3511 10015
6450 11166
9520 6634
13321 11441
5508 4862
12057 4056
7102 11768
671 2539
6288 11111
4734 6611
1681 10067
14623 3031
10392 6846
6924 10920
13964 1569
12088 13569
11003 6484
16755 2306
5934 13426
7262 352
5361 7003
2346 6807
12598 820
5553 10236
10678 10095
7360 10047
17069 4002
10465 5813
10760 3714
11880 11138
5238 4134
6129 9467
16176 508
4198 14044
11960 1544
2348 8278
5484 6623
2349 12872
13758 12964
9523 7192
13388 338
12334 7198
14992 4865
13319 1670
7142 4652
5450 10758
3249 2351
7077 4565
7632 2080
9423 4845
16176 508
12110 2727
672 10755
15258 980
4669 11399
11201 10043
11963 10985
16843 10242
5609 11195
747 11610
9523 7192
3233 12559
9892 11333
5773 12764
2914 10485
7183 7918
7771 1418
9498 13371
4536 8572
978 9369
9176 5917
14321 3138
8385 15224
5217 7898
13575 7631
7903 2885
