30252
17617
981
8934 12801
580 4365
1828 7128
8804 13097
8170 13835
5459 9467
1739 7395
3899 9860
10267 14048
6289 12662
8602 13783
2045 7613
7918 13752
10362 7209
8471 13698
5387 11539
1841 7393
6426 12271
7526 13655
888 4963
6098 10312
7895 12311
6501 13102
2982 7643
7485 5668
7831 13060
7015 13382
8471 13698
2485 7372
1664 1484
8671 12799
6015 13671
11284 12184
5989 12213
6847 6557
985 4972
8397 12094
7137 12711
11712 14238
5345 11805
1334 6746
9310 11669
1082 504
3643 9968
4169 10501
6746 11164
6667 13585
202 4909
11366 14174
2988 7758
10921 14256
2065 9982
32 5389
8293 12938
1739 7395
5658 11230
7895 12311
7831 13060
6473 8005
5905 12457
5649 11951
2496 7936
8518 11675
10757 7452
5508 13937
6563 12382
7074 12575
2945 8028
8438 13668
6532 13933
9045 11145
8111 6681
5272 6131
5206 12216
1702 10912
7642 12808
1629 6600
7772 13288
8258 11149
6823 12384
10644 12284
1257 6129
4163 9967
6632 13103
6625 10960
5777 12258
165 4608
7206 13070
5741 13107
1141 7146
1141 7146
10757 7452
8854 14353
569 3363
8649 11252
5390 11225
7058 13780
10641 12182
6097 10098
1320 13600
8258 11149
13849 1009
68 5701
6015 13671
11547 14255
5992 13008
10160 14088
5970 10101
7511 12509
5389 11436
640 4207
9308 11144
6148 14014
8287 13473
8993 14024
6245 12713
8111 6681
4637 8948
8671 12799
5716 9888
11994 14386
640 4207
1244 6337
8289 13563
5970 10101
3575 8233
2042 6994
7767 12608
8736 13784
9 4925
1064 6749
9663 14026
4035 10500
8153 12510
1140 6030
6502 12910
6847 6557
733 4967
5658 11230
1239 6750
8168 13913
5238 11160
6635 13199
798 5463
1839 7005
7054 13233
1134 5421
12696 1556
3710 8834
3832 7695
899 5743
6245 12713
1055 6747
7473 6398
132 4459
2828 7825
1245 6336
8421 13987
3899 9860
1329 6612
6847 6557
8653 11884
11284 12184
6374 12909
11997 13881
8547 13471
6847 6557
7642 12808
25 4921
8166 13912
8567 13755
2489 7829
5459 9467
3517 9658
8649 11252
2377 7721
8252 6254
162 4760
12203 14503
651 4660
892 5892
7956 13611
10904 12285
6891 13293
5968 9994
6633 13196
7525 13480
6370 11905
2377 7721
2828 7825
132 4459
5657 11546
1839 7005
10133 14049
9132 13612
11177 13962
9087 14559
7347 6257
7121 12095
1743 7154
7016 13292
8170 13835
9893 14087
1164 5985
1828 7128
7638 12411
6847 6557
7052 13492
2264 7494
5276 5820
6602 7583
7485 5668
3779 10926
3197 8130
1239 6750
5777 12258
5396 11127
7449 12673
164 4756
6043 11860
9714 11978
6245 12713
4912 9154
47 4615
11240 14243
31 5233
7137 12711
10534 14263
11997 13881
5390 11225
112 5386
6118 12616
5843 9469
7068 12572
7911 13661
3689 6433
10700 14296
3779 10926
7996 563
162 4760
8427 13831
3903 10396
1063 6613
6501 13102
6532 13933
9311 11876
112 5386
7016 13292
7637 12410
5391 11439
5717 9889
8422 14066
7139 13101
7576 12868
8567 13755
4635 8423
8653 11884
134 4313
8805 13191
8427 13831
7576 12868
10644 12284
7767 12608
5843 9469
5970 10101
7830 13249
1048 5267
1950 7509
1534 6754
9357 14013
10644 12284
1513 6308
7137 12711
6501 13102
5068 12012
6162 12160
6602 7583
249 3758
4439 2796
6245 12713
8913 11777
5777 12258
6633 13196
7662 13837
8811 13902
7074 12575
32 5389
11994 14386
9308 11144
6245 12713
6098 10312
5843 9469
895 6192
8289 13563
7655 13658
8030 13472
7347 6257
1048 5267
6890 13476
7449 12673
