33439
20906
1635
12807 10718
348 223
9708 8334
10670 8776
16155 14770
6697 4784
9741 8709
4637 3792
7138 9197
4792 3786
1849 1084
14440 11765
9755 6778
13353 11096
14519 13139
7205 5648
15233 12837
16121 15803
4636 3596
13632 11154
14478 12235
1148 888
6795 5370
12595 9976
11861 9424
4727 4691
16240 14942
4152 3314
5424 4607
15495 14245
848 477
12509 9816
10892 7374
12905 9690
2352 1337
7263 7048
1023 549
1132 717
16061 15313
12384 10354
6261 4873
1626 929
5254 4361
850 405
250 159
7857 8024
2631 1190
11449 9445
15715 15222
210 197
4636 3596
2069 1736
16852 16342
1873 1025
14695 13138
16716 16256
8934 7665
5447 3908
848 477
9474 7803
14712 13862
4120 2720
13921 10970
15161 14227
13227 11653
15536 14015
6788 5233
6634 5489
1398 925
11976 9625
4035 3989
15719 15358
508 284
14799 14133
143 161
250 159
8207 8922
13918 12896
1742 1094
11129 9276
12278 10079
143 161
5878 4975
16572 16025
1140 882
2154 1471
16160 15011
10670 8776
1774 1044
13680 13124
15759 14588
10684 8555
2806 1727
16463 15266
250 159
16439 15671
12198 9913
14342 12747
14900 13606
1229 959
14082 12253
13511 11271
1108 460
2806 1727
13473 10790
11874 9636
575 332
4937 4077
16610 15340
1036 716
4706 4008
12933 10648
5675 4755
9825 8094
6788 5233
11127 9378
4378 3662
10248 7223
501 338
15170 13878
9811 7942
15556 15288
7050 5635
7389 6903
16653 16032
12933 10648
14872 13136
13353 11096
7184 5634
14410 12951
15732 15056
11393 7234
8238 8503
15296 13824
4024 2634
84 76
15053 13480
1406 848
14870 13390
193 143
16569 15951
15655 14677
11125 9051
11404 8198
7604 5969
15825 14681
14258 12894
7604 5969
7711 6403
1668 1131
6981 6446
14800 14491
8561 7844
3171 1796
11516 8068
14695 13138
247 124
11770 9542
1742 1094
491 396
10248 7223
10795 9213
16784 16215
16509 15742
1144 967
9980 7018
13353 11096
4888 4800
777 572
9632 8374
16848 16255
2846 2664
454 362
6113 4973
868 730
841 472
11407 8542
5050 4094
15759 14588
3911 2715
9973 8379
4709 3656
3619 2845
11990 9733
8656 7152
867 648
14720 13430
10490 7302
513 289
833 465
7611 5417
14870 13390
1728 1002
5424 4607
10151 8546
11770 9542
4378 3662
15719 15358
1237 881
7723 5554
940 556
8723 7393
12905 9690
6864 6467
13550 10613
6444 6017
1144 967
15494 14336
5570 4546
433 285
5236 3994
11975 9525
16788 16294
16852 16342
582 403
5691 5709
9536 6191
55 37
1607 1082
959 729
940 556
16293 15452
8572 6431
6997 6465
14161 12954
8968 7988
4888 4800
9711 8089
10174 8561
10627 7911
5210 4510
3912 2214
762 409
5463 4356
5176 5053
3694 1545
13582 11358
14086 12425
293 116
16581 15890
11706 10054
11064 8668
16073 14686
13150 10698
13434 11097
2617 1859
15745 14601
1506 1164
5281 5879
4643 4478
4965 3660
1237 881
6974 4671
14694 13053
14957 13565
14328 12953
11622 8197
13682 12334
16749 15698
948 799
14354 11238
7360 5674
5176 5053
11160 8429
9879 6644
7850 7471
15655 14677
15660 14512
382 302
16722 16319
14412 12875
3619 2845
9605 7964
12373 10243
6788 5233
14800 14491
10047 8333
5447 3908
158 113
4558 3595
16118 15875
5016 4329
6113 4973
11127 9378
6128 4757
494 333
13394 10610
5281 5879
8112 8585
1339 965
14629 13253
235 114
1345 1050
10248 7223
14516 13052
1028 631
10996 9159
235 114
532 426
6261 4873
