38666
23983
1744
10149 7275
9930 6482
942 1801
10265 2244
15144 8878
17652 17475
8557 5203
12757 5708
18373 17627
9577 5544
1734 2327
14781 3483
8701 5175
9405 6670
11853 10626
3950 141
8077 4508
18842 18101
10973 7803
7260 5470
7325 3730
16616 17189
11180 9287
18903 12832
480 600
6961 4803
18719 17614
13263 9230
11873 11089
219 183
8249 4505
15485 8697
13557 9714
17699 16043
11069 6205
4917 355
15643 12269
12509 5620
10284 8177
5879 1679
15368 15546
679 1176
1637 1205
8937 5787
5879 1679
12281 4783
18119 17941
12041 16362
5315 3584
8877 5173
12731 9896
11576 6766
9407 3537
18846 18011
703 2333
15145 8147
10411 5864
226 257
15877 15405
17006 15521
9715 4758
10148 7835
8491 3667
18675 12835
7051 4515
859 1325
10814 4102
16993 10111
6788 4800
623 1050
11440 5129
12281 4783
4039 2710
11950 4225
10967 9773
5202 1674
11781 5322
2452 1666
15689 14742
8891 4824
8580 6904
18150 16351
13427 6457
18484 18190
4924 356
2082 1501
10284 8177
10496 7464
18605 18009
679 1176
13728 8652
10973 7803
15654 9055
4264 197
17442 16649
18612 18193
2082 1501
11942 5323
15400 8977
8736 5392
18536 17192
10497 7652
9035 1895
4201 12197
14633 7971
18602 17721
13758 6087
4105 520
18409 17315
15400 8977
17845 17640
10773 2067
8605 5614
14683 7662
13758 6087
8891 4824
243 99
10305 5576
15485 8697
5019 4346
9410 4085
7287 1403
5879 1679
4601 210
16820 10585
10552 6387
10666 8930
18846 18011
8307 5851
12338 9994
17652 17475
18243 17733
14598 8658
859 1325
9418 5007
18789 12833
11707 4144
13588 7192
18958 17400
13758 6087
350 701
12116 4779
8219 8747
619 2485
18619 18107
12757 5708
12818 9986
5396 959
7676 4275
8069 4499
13941 7589
10108 4267
8472 6775
10133 6511
7955 4735
16091 9164
8370 4093
17821 784
1200 17510
12334 9990
19113 13191
1827 3035
14451 7587
17189 14255
5080 535
10717 7697
16003 8708
160 25
16820 10585
15030 8042
7780 4733
89 84
18379 17636
14334 8218
10598 1892
11852 10144
16402 16731
11357 9298
8202 5198
6346 4146
4381 1834
16686 16980
243 99
860 1479
15489 8151
12116 4779
219 183
10307 6510
13090 6268
15145 8147
13792 18838
9729 2424
11940 5505
19259 17399
396 189
10844 8394
9248 5008
16313 12977
8885 7790
462 589
17984 17412
5786 5755
5548 2032
11451 3506
9577 5544
18234 18277
16981 10892
11950 4225
2471 18254
12688 4879
381 470
16468 15928
11690 10625
11140 7802
9563 2076
16616 17189
12113 5146
9603 5759
10496 7464
942 1801
18789 12833
7287 1403
16402 16731
18379 17636
14685 7667
15992 8519
18281 17060
293 503
16468 15928
10257 2597
18623 18019
14436 10404
6788 4800
4109 140
1841 2148
7051 4515
5396 959
10973 7803
10149 7275
6690 4331
18379 17636
10943 2423
8582 6530
3898 2008
11279 3495
9602 5567
9230 5548
15868 15978
14513 8043
6634 3550
13758 6087
5817 3944
18612 18193
9930 6482
11789 3686
10112 6493
15577 10022
13090 6268
7484 4078
15051 8792
9249 5566
11854 9124
16047 15084
6365 4529
15987 9928
10537 13666
18246 17630
6126 4283
7264 3648
15699 15686
14858 8229
1128 1804
17201 17498
19367 16892
15689 14742
4109 140
16849 15820
11573 7141
13094 8694
6788 4800
16775 17440
11142 8174
3243 2502
19709 18447
15030 8042
3898 2008
12330 9650
16148 11622
15368 15546
12749 7379
8728 5385
617 1047
15689 14742
6368 4343
3569 2177
10199 6944
13427 6457
16201 15392
10943 2423
18409 17315
