29342
17203
1350
9665 11708
2598 9408
12539 9320
674 5240
11200 13219
3285 10535
3987 7857
11163 9325
1354 6398
901 5653
1962 6750
3958 9278
11765 11130
1625 6899
3557 9413
1287 7119
5538 9288
1023 5911
2894 6844
2942 9262
2409 7337
9054 864
11572 9082
12075 2199
2313 7113
1638 6610
3701 9128
228 1262
4750 9136
12331 12598
4721 12196
763 11619
1028 8300
8803 12163
3559 9114
10918 12981
2150 5542
1546 6614
4179 10265
2107 8507
5460 4818
12204 5922
9931 10714
12584 11910
1201 6818
7466 11261
1238 6859
10941 12724
8805 11955
3576 8524
2826 8810
8465 12224
1604 7782
3533 10389
5963 8587
1604 7782
1689 8047
13299 12588
1831 6713
8944 12450
8032 11916
1410 6560
2216 7116
5823 8416
6762 8438
1234 6459
8213 11848
899 5753
1772 6354
11601 9621
3791 10530
2253 7163
7781 6141
1256 5795
12820 10614
3434 9561
12299 12571
1695 7915
2894 6844
3559 9114
2315 7224
2613 7578
6350 9343
1229 5442
2602 8961
3573 8380
5963 8587
2253 7163
3009 7044
13752 12766
8805 11955
2158 7518
3791 10530
8511 11853
3559 9114
11454 9758
6379 9064
12704 12115
1359 6407
11765 11130
6513 9062
2616 7341
9094 12452
1925 6909
1773 7050
9848 12540
1324 6757
12197 12686
7885 11812
8511 11853
9486 11370
8058 11942
2547 7046
1355 6597
941 5604
11160 12563
3980 7726
2695 9842
5809 8126
896 5239
898 5343
5823 8416
8646 12155
9094 12452
816 5031
11161 12929
1870 7164
1368 6216
11336 12408
9544 12633
3326 8238
10918 12981
11744 9329
6925 9063
12497 4079
46 1434
10402 10580
1749 8051
984 6362
3225 7018
1143 5650
3576 8524
1406 6157
10121 12116
300 11842
2261 8614
9061 3179
11636 13141
898 5343
2216 7116
3573 8380
8768 11817
1600 7779
2663 7275
1826 6512
1638 6610
8467 12509
2616 7341
1411 6857
1501 6461
10768 12706
1883 8056
8944 12450
924 6210
8653 12256
9244 12455
1238 6859
3481 5601
4392 9355
1279 5910
6635 7138
10817 2063
2974 7121
8633 6965
8058 11942
1604 7782
7597 10751
3434 9561
14531 7984
2725 7833
4403 7147
12192 12410
2942 9262
1551 6218
8467 12509
2064 8615
2216 7116
2451 8767
1624 7806
2728 7343
3628 6739
9808 11372
1104 6214
12152 11677
8079 6448
1579 5331
8944 12450
1408 6262
7761 12136
3285 10535
1201 6818
1501 6461
8500 12052
9486 11370
8050 3687
689 11501
10154 2800
4496 8268
8511 11853
8465 12224
11240 12635
1867 6056
2894 6844
1238 6859
13079 13126
10249 8568
2559 10519
1717 7193
5963 8587
12155 11676
3533 10389
11628 12502
1972 8190
10337 10745
8488 12337
1503 7054
896 5239
9390 12453
2409 7337
1782 8048
2051 5946
11350 11489
12035 12847
9128 11199
343 4729
9650 12120
8351 12150
2598 9408
7761 12136
3576 8524
8172 11811
11160 12563
3285 10535
12459 11595
941 5604
8353 11943
1687 7910
1830 7108
2156 6948
1829 6712
11351 12785
674 5240
4403 7147
9421 2846
2258 9225
924 6210
6919 7756
13034 10992
12705 12775
2163 9375
3066 9115
10121 12116
5963 8587
2714 9116
3009 7044
3063 9263
5428 8549
2253 7163
2207 1942
11160 12563
14179 13494
6782 8169
1925 6909
10858 9607
4785 11401
2357 12907
9235 12537
2216 7116
9650 12120
8803 12163
1643 6317
11454 9758
5558 7998
756 5247
8653 12256
1870 7164
8653 12256
2597 9261
14615 13469
1229 5442
1551 6218
11765 11130
10941 12724
11163 9325
1781 8770
7466 11261
343 4729
2092 9101
2313 7113
2150 5542
