33439
20605
1474
5344 5113
1011 1011
5723 5890
7898 6519
10505 7919
14427 12739
2323 2037
16355 16025
14911 13702
778 570
10653 5341
2323 2037
5477 5028
3912 2624
107 96
2487 1863
15136 13565
134 120
182 249
6659 5372
1314 704
3028 1276
7715 5818
15941 14104
13698 10972
2632 1112
15335 13880
2487 1863
10363 9387
12634 10474
5123 4244
5049 3518
9982 6924
13358 11011
6158 5859
9407 10853
7185 5360
10876 9059
10993 9160
1855 1084
14955 13563
775 569
8146 8507
1450 725
15672 14258
15961 15505
5081 5081
2888 1516
4341 3967
5612 5593
14810 13519
13908 12502
10673 8776
6970 5026
15510 15164
303 244
1017 622
10370 7356
5921 5036
10363 9387
11151 6355
6453 5877
9962 8706
7481 6110
16724 15893
6058 5583
438 349
11410 9410
15047 13564
6775 5353
3955 3080
11932 10055
214 245
9803 8204
6913 5495
11751 8886
8031 5823
7515 7470
6128 5001
11293 769
6521 5511
9962 8706
16781 16023
253 248
5462 4545
6109 5096
11278 8066
5694 4674
6101 5626
13065 11656
8491 5281
4983 4813
2845 2464
9080 8130
1215 551
15660 14685
6379 5103
524 496
13771 10794
15335 13880
12371 10239
6182 6174
1215 551
7208 5652
10871 9273
826 685
6522 5799
14811 13170
9301 8132
6315 6614
479 926
6728 6761
11762 9538
13398 10974
14603 12889
15339 13701
253 248
14695 13051
736 687
13619 11919
10366 9490
11841 9991
11836 9304
10154 8319
11841 9991
5179 5054
5045 4266
3282 934
5723 5890
1417 868
11706 9865
10285 8663
16437 15886
15470 13501
1729 837
3848 3081
6926 5102
13694 11753
9764 6197
15339 13701
933 474
15962 15654
6799 5513
524 496
10745 8493
10179 8219
3848 3081
11031 5764
778 570
10363 9387
2977 2665
10306 8333
8491 5281
8056 13927
14017 15314
3707 6536
5344 5113
4725 4478
10500 6491
15799 15503
7089 5527
11734 9806
134 120
5024 4160
15418 14603
5501 5455
5289 5057
870 648
6101 5626
6590 6023
160 234
1277 9854
10636 7064
4124 15316
2632 1112
8214 6713
10520 7327
7315 5780
11443 9122
11277 7930
9753 8838
6985 6451
3682 2210
6510 5229
4132 3776
2888 1516
10384 6054
15220 13654
249 197
14694 12969
7515 7470
4019 1900
14180 11324
15342 4551
5280 5419
9803 8204
16609 15213
14391 12321
12088 9912
14843 11909
11263 6946
11439 9434
6058 5583
10363 9387
3848 3081
10810 9431
5179 5054
14603 12889
16124 15953
10994 9267
1091 999
14865 13128
5179 5054
8866 7448
4895 4296
14801 14662
11974 10095
4384 4939
1103 766
10876 9059
15592 14177
1351 1380
10627 7913
15735 15246
11953 10079
14352 11939
605 420
15181 12854
10669 8546
16722 16319
12701 10539
10259 7045
15902 14922
4628 3653
5329 4850
2487 1863
6997 6611
1714 5273
3810 1372
16341 16151
5436 4848
5920 6153
4424 3313
10743 9161
12220 10301
11520 8542
7396 7474
12098 9731
2274 964
4584 4505
598 350
9634 8603
5388 5585
10870 8490
2773 950
10922 8658
3615 2568
14811 13170
10627 7913
16722 16319
8749 8703
15483 15306
12897 10799
584 794
14911 13702
13913 12503
1316 788
5239 4438
778 570
1210 783
5399 5320
1447 884
8944 6977
1417 868
11443 9122
16206 15954
14778 12964
14911 13702
7003 6615
232 184
7003 6615
10644 6352
10259 7045
7461 5369
5030 4078
14432 13224
10106 9171
11151 6355
14086 12591
11762 9538
16787 16258
2576 2345
5477 5028
10993 9160
4023 2431
15962 15654
13850 11239
15659 14339
10745 8493
3681 2423
