23612
13583
952
6394 4837
10892 9420
765 649
6244 4674
10351 8880
11488 10048
689 507
2829 2641
1841 6241
1291 6433
10160 9442
10828 9365
91 1417
7410 9384
5941 6392
11143 9726
3801 1198
689 507
1958 3237
3182 868
3949 7269
1841 6241
7384 4455
3531 5944
3116 2095
1591 1227
3134 6964
7620 5353
11486 9964
2401 2771
2472 5321
5355 3470
5568 8009
10227 9435
12515 10725
6346 4972
5768 3334
11488 10048
1853 6616
1313 1232
7716 9441
3119 5677
10160 9442
4519 2025
11927 10481
3184 917
6867 6652
1499 1228
1554 5877
11374 9918
11557 9619
3594 1103
5968 6292
6642 2918
4619 1969
258 664
773 852
1928 5874
6866 6286
9920 9436
4139 5748
3076 870
3338 6962
7642 6285
10894 9308
11571 10301
4767 7109
8772 4424
12701 10671
6866 6286
12623 10765
5349 3530
2618 3364
12223 10734
3076 870
1372 6152
2441 1117
6262 7250
10231 9266
8322 3384
1134 1580
9569 9045
7581 3722
5399 4847
1122 900
11927 10481
10693 9313
6405 5459
2204 1171
12748 10776
10231 9266
8105 8540
2204 1171
10165 9322
6191 2849
8983 9224
3494 1057
3331 6597
10666 8825
10560 9426
3083 1154
6555 5370
1590 942
11888 9805
1853 6616
12657 10742
6290 8433
11024 9363
11009 9733
11432 9915
10152 9161
3221 5580
5265 5284
7103 3187
11147 9722
5435 8011
3903 1393
11502 9569
7716 9441
7782 4015
699 754
2311 1025
12515 10725
11599 10093
2204 1171
4344 6023
9788 9095
3183 965
2381 6051
10348 9445
2807 6602
3997 5257
8871 3872
12773 10522
6880 8599
6559 6380
7874 3180
7659 8367
2442 1116
10093 9387
11317 9919
10891 9421
2752 772
2276 6971
11148 9624
12724 10695
6244 4674
3443 6959
11668 9809
11557 9619
3493 1104
3126 6140
11601 10128
2403 3098
10746 9784
12392 10752
1372 6152
3190 1205
7154 4428
2401 2771
1007 5973
6642 2918
6191 2849
8389 6274
2871 1108
6244 4674
11143 9726
4961 2867
12701 10671
1018 548
11927 10481
8173 3045
9790 9154
3181 867
12174 9796
6880 8599
8175 3731
10163 8972
8179 3312
5490 3468
8179 3312
9986 9642
2798 5772
6866 6286
11545 10051
4735 1975
6359 5417
7022 6379
10348 9445
10693 9313
3184 917
6561 6838
3126 6140
1134 1580
6117 7178
3077 916
3938 6773
1110 595
11601 10128
597 1889
2311 1025
2807 6602
11773 10035
7642 6285
4342 6027
12624 10645
8322 3384
12720 10717
6405 5459
1738 6519
631 856
12657 10742
6866 6286
6117 7178
12624 10645
8056 4747
8461 8993
6337 2726
2267 6331
10891 9421
940 1186
12115 10159
5884 3772
6048 3125
1093 6064
6397 5190
10231 9266
2385 5774
10282 9390
3030 6874
12115 10159
2385 5774
8316 8992
11143 9726
12701 10671
9986 9642
4342 6027
1110 595
2698 6420
2276 6971
11083 9577
4517 1971
7314 5265
12223 10734
12790 10755
5538 5197
5754 7433
6279 8375
2597 6695
10093 9387
7875 3523
9917 9325
12374 10451
7257 3117
8774 4354
12223 10734
3288 966
5300 8010
11321 9820
5990 8257
4416 2079
10282 9390
12690 10774
10824 9478
9717 8978
2840 2963
6502 3737
490 420
10828 9365
3018 6231
2309 836
8316 8992
7642 6285
2840 2963
6117 7178
6885 8310
1027 898
6548 5367
8470 3447
9590 9038
5764 3262
10612 8882
7620 5353
5568 8009
1185 5693
9091 9500
2969 671
7349 8427
1405 1278
11374 9918
3429 5855
1007 5973
12392 10752
6262 7250
1291 6433
9452 8925
10094 9333
1738 6519
10165 9322
3997 5257
