38500
23820
1893
2396 2355
4964 7967
6354 8230
12305 13247
5664 8541
2809 4392
6878 8073
584 994
12172 14976
10057 11901
11913 12717
11976 13451
9960 15004
687 15735
8060 10975
7584 9642
2049 1733
10984 15494
2129 2046
10659 15839
6441 10213
11939 13240
18589 16327
2039 2170
10974 14987
10051 11896
2718 3024
8110 9992
724 918
15620 14551
11976 13451
12305 13247
10183 12695
8462 10512
8067 10462
289 663
6705 8071
14440 17959
399 739
10487 15674
3810 6180
535 776
9317 10828
10985 15492
18050 15225
5415 6944
863 1004
10568 12067
16715 14216
3525 4717
10216 12398
7867 10606
12014 15486
6430 8819
15800 13882
5799 9373
2447 2667
17241 14892
4046 5823
584 994
5379 7070
18953 16488
18589 16327
14438 17852
2235 2283
12123 13415
5545 7401
5041 6575
1357 1382
4742 6750
2317 3185
19315 16626
12721 16261
3895 5240
10290 13818
2507 2364
7052 9454
13023 13570
2228 2920
19231 16892
7916 9455
12753 17097
13217 13746
1943 2056
5014 7341
2049 1733
17907 15229
17237 14884
1288 1409
5019 7180
9600 13996
300 606
16540 14219
11096 12934
2476 2826
15283 15245
5764 9685
13573 13560
522 830
19520 17259
2243 2058
9120 11663
10660 15998
9002 10348
2086 2995
1110 1108
12825 12715
8959 10652
13762 14235
8642 10516
1432 1782
17933 16221
1500 1852
8466 9998
11268 13107
10057 11901
2557 2672
10472 14997
6365 8067
9892 11739
2655 2799
10290 13818
9317 10828
2822 3018
10402 12415
9480 11671
1923 2769
8600 11163
10304 15167
12751 17096
3239 14355
8800 12737
6708 8418
8627 10848
9930 12967
1948 1730
5177 7510
2330 2783
2288 3699
3936 6181
2476 2826
15620 14551
7413 9470
2978 3216
10608 12793
401 904
1524 1678
6112 10392
2809 4392
12659 13578
8714 13153
7042 8579
12825 12715
6217 7927
6875 8587
1102 1284
157 528
3160 3175
12202 15489
7567 9625
9945 13653
4044 5818
10304 15167
11253 12751
10476 14999
12473 13229
7878 9750
1642 1710
1351 1477
2876 3220
5061 6909
531 786
1451 1389
18043 15547
13990 14941
87 345
2040 2171
5873 7907
1500 1852
15477 15584
18721 16339
2531 2778
15300 16076
8015 12997
6976 11631
11925 13224
9347 11551
14166 14927
9892 11739
18375 17045
1361 1587
10040 12053
8281 10506
9857 11356
2768 3219
1717 1582
5840 9252
10304 15167
11678 16425
946 1011
2740 2913
7935 9647
10637 14490
9864 12222
10120 13820
6559 7933
14359 15425
6493 9738
871 1012
12750 16962
15431 14721
731 846
2685 3103
2666 3084
857 1171
12114 13228
7296 11088
5382 7233
857 1171
5281 8312
6802 11454
6026 7555
1871 2813
1436 1473
8240 10634
8419 10810
8992 11032
12353 15308
10314 15506
3766 3470
6170 7019
2719 2886
11328 16139
9591 13486
9957 15002
7869 10780
963 1028
8464 10166
9172 11207
6536 7902
2330 2783
5879 7582
6664 9912
9706 11380
1749 1832
9857 11356
6611 10216
7346 9387
19529 16640
2330 2783
9430 14340
1810 1687
12217 16843
12350 15473
6323 9222
9238 13149
19509 17280
785 1082
11063 12393
18192 15884
11152 15491
10195 11001
8992 11032
2730 3039
18460 16882
2767 3079
5676 9080
3650 5706
17262 15565
9002 10348
10137 15006
11253 12751
2225 2395
6096 8990
728 3717
10766 13116
12305 13247
123 470
9712 11215
16885 15209
5282 8142
7699 10957
2096 1779
17753 14896
3928 5618
14359 15425
9416 12646
12462 13053
17237 14884
7015 7514
6611 10216
7339 9902
3115 3106
10985 15492
9171 11031
6634 11280
2334 2281
3826 5749
7232 9460
18725 16200
