32236
19571
1285
13391 13821
7295 9629
1193 2905
15952 15293
7534 9591
12508 13202
5560 4654
10876 12327
9778 11237
5490 7325
14173 14748
1242 2305
7989 6883
7314 6751
7495 12642
9522 12647
1105 3666
3996 6715
1086 2882
14692 14767
7669 9588
2180 4033
1049 1918
6598 11063
1097 2779
1393 2602
254 257
8828 11134
783 1898
6444 5516
2673 2975
13572 14040
5556 8769
1527 3229
14119 14987
7536 10082
1400 1622
2760 1826
13805 14011
7369 12343
4664 7008
5224 6693
5560 4654
8841 10940
1053 2484
6586 5654
11584 12911
1495 2302
14600 15234
8834 11035
1495 2302
5422 5373
695 30
4765 6871
365 1093
9743 11403
9490 11848
14644 14990
9914 11396
11131 15501
680 2206
7804 8140
1350 3445
845 1874
7596 6888
15809 15298
14119 14987
1560 4336
365 1093
13572 14040
9525 12269
1052 1807
11836 12123
14378 14030
5708 6486
792 1909
673 2197
1477 4202
15368 14828
815 2266
1568 2294
14800 14679
5449 4686
7646 12437
8593 6721
9834 10998
1652 1731
8588 9901
6780 12545
1202 3571
7369 12343
5746 10332
3096 3601
874 2018
3520 3059
4664 7008
5711 6758
4565 7262
5414 8672
673 2197
1134 2368
11153 13021
14679 15402
1738 1951
788 2017
7661 9864
1128 2250
4662 7006
860 1666
6295 5803
9062 11245
12441 14395
365 1093
801 1804
5633 7088
13714 14122
7646 12437
11410 14287
7351 11147
829 1968
1137 2486
1063 1843
16252 15449
2788 4042
8820 10208
12830 14806
12963 12586
8230 10801
579 1818
394 937
12441 14395
6153 6755
1127 2025
5277 8306
14730 15362
9019 12292
1228 2064
12508 13202
6003 5234
683 1544
2571 1499
16210 15650
13628 14463
2214 4060
12508 13202
16210 15650
1137 2486
1461 4059
9061 11346
9632 13165
10880 12520
15495 14294
5999 6209
7263 9989
13064 14603
788 2017
5422 5373
15439 14927
8824 11132
6129 8864
961 1801
7902 7152
873 2469
7455 6889
15882 15206
5277 8306
7374 12544
11836 12123
446 1755
1537 617
5138 6603
7848 9625
13659 13819
5603 10231
5620 11276
10975 12618
5554 8579
5603 10231
774 3006
13410 14605
2055 2868
10967 12232
2332 4462
321 845
11792 13028
6736 5515
5464 10236
16202 14907
11848 13639
16337 15715
3088 6469
535 56
7396 9595
1193 2905
1839 2406
4848 7227
16162 15663
12104 14172
435 1204
14449 15050
1046 2251
3520 3059
15051 13547
14114 14486
8820 10208
788 2017
590 1856
6000 4946
8230 10801
11241 12817
7668 9590
6308 11464
4461 7003
501 1597
5450 4408
3777 5630
4280 7487
1663 2982
13627 14241
254 257
1202 3571
5991 4649
5157 3741
9680 14357
7632 10637
5851 5660
11153 13021
817 1512
1718 4065
11481 12594
5708 6486
10526 12713
1527 3229
5767 11278
8518 11977
16178 13960
1300 1165
6801 7151
14423 15230
15892 15602
1725 12484
6728 4468
7943 8045
5413 8673
2065 3322
7294 9151
8596 10212
7351 11147
8461 10489
683 1544
15437 15209
11326 12712
8841 10940
5851 5660
14593 15044
6000 4946
1432 3109
7195 5112
15952 15293
7374 12544
5277 8306
16216 15661
14630 14578
394 937
6349 6895
5226 6968
12346 13308
14513 14855
15437 15209
14562 14991
1193 2905
13391 13821
15590 15459
16216 15661
8479 9810
5767 11278
1447 3237
5983 9157
11059 12329
7374 12544
4565 7262
5849 5085
2082 3908
1839 2406
5231 7335
9739 11605
11153 13021
467 134
1611 3668
5413 8673
14644 14990
5984 8964
5157 3741
14294 14144
15234 14309
1179 2665
10276 12954
5673 5486
14772 14864
1844 2075
