26931
16649
1612
6683 8096
6464 344
8649 4683
2587 5321
3783 11398
9421 8364
11463 4073
3070 5461
9623 8815
8800 12664
8727 1642
4271 12911
9817 9093
8935 1247
8658 5112
5033 6180
13193 10912
1406 5722
8269 4975
8137 1394
10583 379
8366 186
12439 10070
7435 8584
4119 7858
11150 816
7263 5896
6522 6578
11668 2564
2294 7711
8326 2047
6498 11964
10583 379
11949 10526
4721 5004
10625 9481
8257 4966
11038 7385
12246 264
8528 1477
4278 11407
4120 9781
9922 2393
3131 9983
11699 1663
10231 7752
6274 339
5328 472
11528 692
8427 6594
7210 178
13171 10545
3907 6689
1236 3801
9152 726
3448 11564
3355 6911
12353 4252
12283 8377
8336 1480
1387 1014
4873 6901
8410 7114
8428 9020
11067 5801
5717 405
8927 1805
12178 4086
6303 12765
7683 4981
6147 5889
4182 5832
12893 7548
12055 894
4470 5617
5578 8111
10316 3097
12160 6633
7381 533
11695 1985
13062 11491
7438 9289
8366 186
10876 5805
5190 8338
3231 5058
9837 7115
8809 9774
4456 11734
6460 347
7486 4973
11036 7758
12945 8570
5526 532
5398 7108
3678 6102
11832 4604
7213 52
10316 3097
3258 5607
12736 7642
7629 8699
5707 534
5960 5891
11612 7258
13095 9711
5957 6713
8167 292
12160 6633
6688 5615
7780 184
6464 344
9457 5654
3451 10352
7070 5913
10361 363
12645 928
5963 6710
5717 405
716 5998
3678 6102
10442 9965
8838 9497
11839 3490
5526 532
11612 7258
5201 8587
10940 2145
11513 1579
7629 8699
10231 7752
4142 5074
10627 9294
8269 4975
8925 1887
11958 8724
3912 4542
11986 6612
5400 7485
8242 5077
7615 12026
5578 8111
12055 894
7494 3351
13322 1990
12501 4221
12850 9595
12741 7267
7210 178
9023 6717
294 7963
5845 6513
6706 6440
9837 7115
10158 481
8812 9207
9049 4428
6323 8476
10176 155
8167 292
6122 11976
11609 7386
12501 4221
12160 6633
9022 7624
5934 8273
10153 202
4035 3900
11516 1742
7592 3139
11984 6614
6647 400
5192 10904
13131 1130
11693 2066
5521 657
7072 6725
7867 4964
7615 12026
12250 642
473 410
8039 6031
7678 5378
9512 2788
9176 580
12574 12039
11513 1579
8220 7626
11066 6224
12081 572
12250 642
11768 7759
7195 527
1172 5860
12602 7640
5948 8811
7826 10342
5707 534
4352 3870
13269 10172
10017 7757
10951 1745
10876 5805
10230 9107
7298 4984
6141 7992
2750 5320
10648 7507
10736 2702
10616 11332
13023 1993
13268 10174
7867 4964
12610 7391
7309 2445
3591 5203
773 724
1469 3563
5635 3729
5025 5892
7585 291
13463 9712
10776 203
4278 11407
130 8203
11668 2564
12845 9405
2909 5056
12181 3719
7546 1961
11177 109
7435 8584
9426 9492
294 7963
10608 12243
7167 1882
6932 3152
5752 9310
6542 4692
7944 1011
5712 528
7067 7616
3679 5830
7948 1246
8826 9589
10218 8590
8064 4834
8715 2687
11610 7515
11609 7386
4142 5074
7167 1882
11275 4477
7773 407
7210 178
13082 9128
10027 9205
10951 1745
7100 4567
10875 5257
5354 8559
2566 4400
9318 2484
12498 4341
8715 2687
12709 12040
13095 9711
7012 6280
13365 9886
10646 7762
8414 8235
7278 5089
10674 5663
10534 2598
9215 9005
6274 339
3447 9311
9176 580
12644 857
9514 2898
11613 7262
9408 8902
6361 4304
12733 8025
7546 1961
6762 3182
10539 2135
13062 11491
6095 7211
73 394
12596 12111
11819 6767
13172 9888
3347 3100
4394 5449
10024 8715
9514 2898
10951 1745
4278 11407
7683 4981
