22238
13618
1360
3805 10097
1717 8537
5892 3032
2156 9964
1586 9209
8931 4189
3261 10147
448 4496
1300 7645
2466 4097
3545 10271
6137 7591
1738 9361
9640 1835
11421 125
1992 9873
2645 7096
3379 9049
8262 2774
950 1125
2636 6312
615 4484
3238 8829
3676 10143
1176 7749
2147 9342
2359 7527
1965 9203
2450 1794
3820 10274
6632 7494
864 5873
4878 7822
3676 10143
6378 7388
396 4145
2748 3043
6215 10441
915 6569
2206 4943
2542 10106
2046 8452
8630 3742
2634 6081
2466 4097
3820 10274
2391 9857
3136 10243
9742 7813
572 4486
1497 8033
2655 7929
9862 2763
11083 506
2645 7096
3814 10268
2749 2926
9464 3363
2126 7634
2594 1587
2785 6655
8924 2546
2413 10124
3511 8442
9880 2424
1991 9875
1048 6897
3698 10249
2634 6081
8973 5246
2516 8529
1559 7640
9314 7295
9686 1865
5732 10572
756 5759
2727 1205
10006 4310
10901 465
2663 8608
1787 8115
448 4496
2793 7420
2960 9195
2273 9924
3948 10270
11432 1052
2793 7420
1721 8913
1158 9029
1107 7117
1807 9680
1734 9488
1570 8456
6191 9508
10286 2199
2980 10151
1245 8039
2249 9127
4660 8353
2156 9964
1642 8292
2516 8529
2282 10029
3580 2462
1883 9204
2364 8110
2155 9801
6412 6135
11375 432
4993 8668
3402 10187
6638 7695
1674 9879
3676 10143
10034 6517
465 4723
2813 9051
3366 7523
2398 9921
3397 10096
508 4720
5525 6167
10174 3489
619 4830
1410 9100
495 4841
3646 8277
2460 3513
10476 1667
1202 8715
2398 9921
2946 8194
6666 6023
5729 10540
7692 7039
2645 7096
9780 2543
9311 7294
4305 9118
999 6448
572 4486
9267 3384
6632 7494
2282 10029
1952 7934
1314 8627
2262 9799
8924 2546
1005 7009
2282 10029
483 4489
420 4376
3545 10271
1965 9203
3084 7524
5475 10172
9250 3480
3957 10352
2727 1205
3123 10192
1048 6897
4817 10579
3385 9600
6472 10568
4657 7918
9640 1835
1497 8033
2233 7733
4462 10383
5071 1136
1489 7535
10838 467
3091 8361
6137 7591
2233 7733
4770 7917
3252 9792
2087 10032
1302 7846
1048 6897
4203 10140
2669 8979
495 4841
4958 2252
3513 8680
2505 7528
9032 3362
11374 131
5525 6167
802 6105
1207 8645
1095 7156
6206 10330
758 5760
2980 10151
8931 4189
2621 4332
6775 9939
10993 7972
7920 9462
1262 8639
439 4373
9531 7814
2468 4215
6502 7493
5157 10667
2977 10190
9883 3122
4291 7722
2727 1205
2541 9420
4298 8187
5489 10338
777 5062
1671 9083
2074 9690
9894 3259
1300 7645
2124 7529
3959 10462
3545 10271
615 4484
1955 8285
2542 10106
9464 3363
1560 7740
1441 9064
1071 8143
530 4833
3138 10204
9046 2320
3239 8903
8861 5479
1674 9879
9314 7295
905 5640
1965 9203
10264 891
2807 8528
2282 10029
3647 8443
9425 7815
1969 9343
2446 1210
2394 10059
1981 10015
3251 9791
4658 8098
1978 9618
2275 9976
572 4486
3811 10226
8813 2431
1965 9203
3421 10247
1300 7645
1570 8456
6378 7388
4281 6761
2466 4097
9727 5477
2980 10151
2490 6424
5525 6167
9696 4080
1370 8294
1443 8995
2447 1392
2619 4793
2807 8528
4330 10223
8861 5479
2804 8363
2391 9857
5106 8515
1300 7645
11424 88
11409 35
2398 9921
1585 9487
6638 7695
4281 6761
3268 10194
2256 9611
5612 10482
907 6102
1102 6674
3814 10268
2369 8530
8497 1983
3080 7312
3238 8829
8827 1672
4424 8435
6632 7494
1978 9618
9748 1630
1584 9419
1567 8207
