29342
17378
1613
2241 6145
4010 8173
1103 6206
9183 10341
12050 12864
1641 7333
9539 12545
746 5036
2944 9264
6623 8894
1448 6698
1589 6460
2399 8657
1466 6720
1505 7403
7042 9927
784 6102
11164 9473
3682 9560
1702 7924
1777 7055
1230 5751
10174 12455
1276 6308
2458 9958
1533 7805
2134 5832
2602 8811
1405 5749
2450 7905
1536 6895
6780 10767
1359 6602
4646 11840
1416 7063
7047 10353
5694 8417
11040 12313
1394 5227
1968 8047
1360 6502
1425 7181
632 5997
1611 7417
6780 10767
1964 7163
11922 13141
8815 11318
9961 11909
4784 7027
2408 7828
1615 6486
902 5757
13345 13348
13610 13195
277 3701
7180 9928
12348 13164
5824 8003
1412 7057
7179 9783
939 6204
2444 7049
7177 9782
4919 7882
1103 6206
2710 9263
12176 12948
5401 11215
10746 12596
2365 9527
2773 7047
9656 12601
12173 12760
13613 13117
3605 2495
3428 9559
15425 7985
12936 13131
7321 10350
2697 9843
11040 12313
746 5036
4340 9711
1890 8344
277 3701
2602 8811
6778 10632
1429 6875
1300 5118
8601 11131
5694 8417
1549 6709
1143 5548
1640 7696
1964 7163
3301 9557
11040 12313
863 6004
1080 6381
2134 5832
572 5394
1872 7774
6497 9931
1449 6701
1637 7329
3628 7633
12686 13033
3323 8380
1599 7405
518 6529
12071 13340
2607 8374
1009 6787
1959 6454
9041 11371
3064 9116
2773 7047
2109 8231
1009 6787
1867 7051
11340 12778
1640 7696
9971 12600
12071 13340
1985 8784
10121 12013
2244 6546
818 4823
2813 9699
3871 7496
938 6101
1340 6776
978 5447
2602 8811
2759 6734
9807 11911
1518 7416
2944 9264
7184 10213
11635 12965
343 4218
862 6105
2818 9702
14993 13327
597 4413
1776 7164
1630 7099
2667 8921
2607 8374
12686 13033
2552 7394
9038 11370
4747 8680
2890 7274
2408 7828
1693 7780
11347 12782
552 5680
12457 13139
1639 7331
1429 6875
2363 9671
5532 11444
3378 7389
1410 6659
10441 12690
3540 10265
8662 11310
2142 6042
2714 8812
6193 13497
6780 10767
1875 7909
1425 7181
1104 6007
4261 7619
3119 6930
8576 2751
14272 9583
1505 7403
2953 8238
10439 12505
944 5907
2408 7828
10129 12599
1269 6499
981 6063
3485 6925
3428 9559
5400 11214
1023 6109
7337 6727
6191 13495
1695 7915
938 6101
6193 13497
10129 12599
1143 5548
3382 7768
9491 11700
2054 6649
1391 5327
7047 10353
1283 6216
1173 6591
2697 9843
1019 6203
3323 8380
5694 8417
1733 7448
3287 10399
11165 9472
822 5241
3325 8107
7045 10072
2302 8510
2557 9223
9042 11483
2813 9699
11756 12669
4248 8689
10861 13263
7177 9782
1177 7088
11922 13141
839 6080
1527 6980
9272 11201
2403 8372
1317 5648
1984 9089
6902 9492
11677 13302
12457 13139
5057 9054
7042 9927
13346 13240
1301 4914
668 4827
1251 5575
1107 5910
12039 12853
9042 11483
9539 12545
1123 4293
8811 11313
4010 8173
1025 5706
8104 10283
1575 5432
10727 11796
10878 12104
669 4826
2667 8921
2463 9675
1972 8330
939 6204
592 4307
3750 7381
2609 8098
887 4715
2167 9228
1300 5118
3622 7380
9641 11699
3203 8246
12430 12668
1449 6701
9394 12063
7197 10761
2664 8042
2302 8510
1776 7164
1059 5342
2763 7036
3175 9701
7899 3210
2249 6846
1256 6189
7180 9928
1394 5227
8601 11131
6780 10767
1508 7527
1304 5225
12039 12853
9539 12545
10590 12315
8662 11310
1668 5535
1686 7281
791 5601
1527 6980
2839 8242
10740 12314
555 6086
2890 7274
1756 5733
1407 6160
