24454
14187
1092
1010 3772
2634 5907
12353 11157
10990 10973
2632 5774
3799 7059
4904 7973
11338 547
4116 7825
3513 1757
2631 6630
11099 2063
2215 6332
11354 6849
10669 1470
2948 6470
7211 9890
11029 7035
12624 11304
2959 7373
7109 5103
2210 4854
12330 11202
4972 7876
5927 8582
12592 10999
9486 9299
12697 11466
12283 11047
646 7398
1425 3477
7649 10327
4843 7572
8204 10408
11522 8917
8867 8623
4519 2441
4843 7572
2841 6045
3282 7217
2225 6334
11775 10530
12114 9828
3515 1524
3051 6050
162 4407
6088 3684
6466 10817
9486 9299
12340 10795
3255 8232
12174 10636
7109 5103
7498 10005
7536 5489
728 6804
5029 3460
6507 10234
5816 3700
10504 7791
5078 10837
4747 2089
7619 10748
7250 5358
2047 2488
8531 10216
12218 10789
2031 7068
690 3277
6213 10223
364 3773
6243 3827
12624 11304
4972 7876
2313 6466
2319 5640
6796 9909
12405 11205
11981 9050
2977 8950
12201 10371
7391 5226
5078 10837
11885 8764
7091 3433
7355 10221
151 417
10104 6310
5642 8578
1903 4984
712 680
8116 6308
12114 9828
12574 11425
9051 5622
12182 10373
1707 6484
4252 1295
12494 11255
10376 6889
12796 11534
3495 8116
6243 3827
12298 10633
6062 1452
8114 5884
12157 10272
3193 1530
3266 6046
11162 7334
5233 8987
12548 11281
7247 5098
3157 6761
728 6804
12396 11043
7236 3558
7091 3433
12445 11198
6798 10133
1291 5969
11925 8628
12818 11601
9486 9299
12548 11281
8227 10320
2632 5774
12453 11236
3933 1408
2998 303
11345 9009
3172 2123
1315 2231
9026 8760
5715 8792
12629 11403
441 3901
7109 5103
6211 10117
3056 3842
12202 10372
1291 5969
12076 8900
3067 2003
9051 5622
6787 10616
12453 11236
162 4407
871 3099
6211 10117
12616 11058
7907 10821
6507 10234
12201 10371
1452 6945
11987 9052
5182 10614
5484 11014
11446 69
4608 7419
3053 5775
7251 4715
7109 5103
6786 10523
617 2602
6480 159
2562 2243
11890 8347
6560 9737
11472 3810
319 4087
840 4409
2310 4851
12354 11102
1010 3772
6891 201
7251 4715
12175 10560
7236 3558
2634 5907
12378 11046
3264 6615
7806 6443
12549 11353
3513 1757
12182 10373
4631 3188
1802 5240
364 3773
161 3771
12353 11157
7247 5098
2047 2488
2622 9078
4655 7204
1932 8940
11369 145
3273 7353
6793 10017
2423 5771
12022 10462
4099 2960
4631 3188
6645 10123
7218 10429
12405 11205
8102 8482
10769 7641
6796 9909
12275 10454
1259 6226
3266 6046
7536 5489
12143 10551
7109 5103
6793 10017
12653 11429
6211 10117
2948 6470
1356 6801
2836 7198
12174 10636
11953 8767
618 2480
7354 9767
3282 7217
12697 11466
12285 10988
2746 6621
8085 561
1602 3834
1635 9091
12396 11043
7110 5362
7806 6443
12285 10988
611 2544
3050 6328
5926 8858
590 3898
8603 3195
616 1630
3200 7941
7617 10753
11955 9039
2225 6334
7247 5098
11955 9039
728 6804
1045 5632
7354 9767
3686 3464
12629 11403
2316 6485
3148 8091
6784 10224
6675 4332
7332 10743
9474 431
94 11136
1836 8952
12653 11429
2531 5773
12218 10789
12331 10986
7785 10002
12755 11472
12818 11601
3619 1410
858 5441
12574 11425
161 3771
3070 3221
5363 6666
10376 6889
12340 10795
2857 7669
12521 11197
12396 11043
6341 160
2842 6633
7130 10068
5899 432
2634 5907
12651 11376
417 32
10329 10957
2330 1886
7346 10831
1802 5240
6786 10523
12453 11236
7218 10429
7110 5362
12720 11420
11522 8917
2641 7524
7920 1225
2958 6765
8566 8060
