32009
16003
487
2746 2796
4639 2031
12810 13901
7902 14185
6046 6310
8441 13412
14123 7990
12812 11257
3386 2530
8354 2339
13449 9964
4788 8681
11186 11558
6296 2352
15276 15305
6940 14543
10392 13476
4027 1687
975 11736
12812 11257
3440 8382
6704 13283
7369 10756
2749 1537
3286 9956
13361 1287
8944 13156
6546 7407
3551 2002
14930 14206
9892 2321
11161 6298
13361 1287
10052 7853
10665 5621
4618 2621
2475 5188
9650 484
8944 13156
4457 6874
7647 8051
5239 8465
16332 6405
10392 13476
14388 10985
6243 3236
10520 9489
2235 179
10856 7329
851 378
14621 4647
14095 15210
4286 6685
9767 5702
15020 3961
3884 15092
8000 11317
1335 5038
11748 13776
8554 8441
571 11758
3928 7517
12810 13901
11012 729
13095 13157
9852 3382
14682 4192
2893 2032
7656 1672
13303 10959
13469 8357
895 1956
911 7626
9656 3042
14003 3068
7746 14330
695 3744
8615 10240
13326 13420
4646 12966
11201 9724
8455 13565
12812 11257
560 15222
13037 8715
11697 1099
7656 1672
8182 10130
3664 11363
14621 4647
2680 2612
4649 5496
14119 10375
3068 2777
11686 9335
911 7626
10672 13430
2765 8292
7746 14330
4302 7728
3378 15229
13751 6620
12178 14977
4234 11617
10060 9615
3664 11363
913 240
10663 7332
16064 6745
11958 13620
3043 1472
6046 6310
6639 10239
10052 7853
3329 4748
1335 5038
12206 14451
804 5998
13469 8357
13303 10959
14786 13150
8485 5335
4527 12202
13322 4509
3610 11213
11843 7097
8813 3303
1958 3237
7919 11727
3386 2530
8455 13565
12812 11257
9650 484
13141 728
2401 5334
5439 7635
11863 13383
14531 6819
2639 13873
10934 2884
14370 1182
2452 13676
4415 1516
9325 2207
11843 7097
10921 8618
4407 14492
14105 14724
12175 13116
7495 8813
4632 11658
195 8336
3286 9956
10510 2995
13037 8715
7018 1786
4395 1697
11717 13460
10052 7853
11958 13620
7361 6619
14097 1520
13134 13675
10052 7853
975 11736
1811 14234
13469 8357
12490 10587
234 4803
12028 15325
2538 9765
975 11736
16351 9890
8983 8727
3335 3252
4655 5605
10355 10576
13825 2954
8810 14877
3386 2530
