24454
14595
1266
4780 7944
8408 8894
5673 2571
12145 10457
4141 8795
12724 11511
7364 10334
783 3225
12557 11455
12580 11429
10658 9421
1251 1310
7780 10313
1930 1421
1054 1098
12491 11253
4903 7501
568 5419
2638 5911
4804 9336
9338 10450
3610 8523
6637 10003
12189 10551
4125 8230
8740 6033
6929 10426
3511 8657
6924 10004
5263 1388
5672 1962
12381 11164
2738 4982
12429 11207
8716 9166
7251 4842
5673 2571
2113 4730
12291 10996
12416 11118
12190 10636
10376 7641
5726 9231
2836 6208
3473 6487
5487 83
2153 590
2732 5937
1902 3711
12795 11552
12147 10262
4516 847
8081 8165
12434 11246
12210 10710
489 3884
1704 4092
12466 11174
5321 9467
7366 10025
12350 11043
3161 6471
4614 7883
46 888
4020 8235
7934 9908
12191 10713
4910 8225
12285 10859
9178 9926
12334 11050
7326 10664
914 4915
7901 10741
9494 10451
5645 9262
2653 7525
12433 11166
11218 544
7355 9767
4824 9613
3567 7439
5469 9721
101 4661
9179 10038
12191 10713
3189 8243
5182 9593
737 4400
12458 11165
896 4259
2004 3965
12579 11405
8491 10277
12386 11168
11731 8641
12294 10724
7491 10604
4743 1051
12458 11165
2729 4600
2866 7826
2667 7385
5668 2084
12649 11421
12585 11461
620 2241
500 3770
979 3874
6192 10305
10644 5358
12351 11046
3 4156
5219 10105
3393 7833
193 2372
12361 11055
4715 8280
6123 1184
3493 7510
7073 10425
2624 4728
8240 8050
5529 1851
6496 9519
12304 10986
7491 10604
617 1992
12572 11303
3 4156
12307 10990
398 2003
12613 11439
820 4654
3917 8094
4715 8280
12379 11105
3295 8384
1217 6256
8684 268
6820 4203
808 1210
7817 5093
12304 10986
6243 3448
10451 11064
12043 10053
6927 10007
7246 4836
3916 8233
3589 6905
492 5955
12491 11253
489 3884
7483 10753
4821 9734
12795 11552
7483 10753
7619 10672
1134 6933
12330 11047
130 3103
7067 9766
12597 11254
6963 4332
1906 3970
7054 10678
9663 5614
5671 2332
6924 10004
3493 7510
7213 10008
9795 10449
6761 10594
12298 10632
9905 10745
1258 2021
1413 3588
6192 10305
6243 3448
612 4037
12199 10721
12307 10990
12442 11063
2866 7826
7963 5485
8080 10433
5281 1296
6761 10594
10778 5234
3536 5826
897 1907
9493 10251
7507 10131
1069 4380
6100 3322
1414 3467
12638 11551
12239 10857
2032 6649
47 1329
12334 11050
12496 11098
2113 4730
5528 1964
3917 8094
1646 6362
12128 10556
4703 9611
8372 10906
1906 3970
7066 9887
11844 8206
2315 4350
11983 9828
5452 9592
5533 1736
12259 10923
862 2349
7219 10526
897 1907
12569 11041
4244 8933
12350 11043
2939 4345
12101 9692
6637 10003
12443 10939
2751 7063
193 2372
613 2228
8716 9166
12434 11246
49 889
5732 9839
2638 5911
7789 10703
7935 9789
7663 4446
565 992
12623 11374
7507 10131
9178 9926
863 2474
12208 10633
2669 7386
2315 4350
5321 9467
896 4259
8682 11029
7620 10747
1156 3727
2742 6189
7229 10135
12257 10782
12176 10265
414 3631
7750 10280
11830 55
6935 10432
6028 9960
12166 10170
620 2241
1912 3992
3059 6327
7491 10604
10034 10802
12458 11165
5299 7803
4804 9336
6963 4332
12354 11158
9426 10873
439 4026
4633 1059
12621 11325
12597 11254
4633 1059
76 3229
6761 10594
7790 9776
2980 8104
12416 11118
640 3498
4587 9354
8963 10943
862 2349
4021 8517
6817 4078
9795 10449
9582 10941
865 2720
12305 10854
7067 9766
6615 9984
12133 10470
613 2228
7366 10025
5252 1498
2746 6624
