38500
23891
1831
2039 2169
14662 14025
14541 15257
1255 1172
8622 9972
1587 2188
11146 15818
9827 12350
120 460
6714 8596
14157 14752
873 1198
8608 10658
15985 14046
1773 2186
17247 15386
5950 9875
1282 1700
6010 8044
8639 10857
15287 15751
10400 11897
7742 13237
7839 12656
5689 6897
57 352
13977 14765
11145 15487
17907 16490
1999 1682
5625 9362
5381 7740
8058 8547
5415 7605
9181 12081
15285 14917
18194 15888
19622 16866
2302 2128
9358 11388
1369 1292
1011 1881
6187 6275
4620 6309
6126 14826
790 1877
7650 11612
6210 8085
3936 5839
11258 12592
1461 1501
5625 9362
6805 11627
16270 15119
1750 2532
8058 8547
10589 12434
2623 3329
15406 10248
12021 15977
13224 13921
6542 8420
5369 6904
2657 3214
7466 11433
2297 1894
348 904
9518 11196
14341 14583
9077 14347
1384 1724
9595 12982
9479 12357
11438 12939
2656 3217
165 5
14641 18073
10641 14660
14162 15259
11316 15489
8639 10857
12269 9928
9428 14502
4739 5905
5261 7274
9775 14160
10913 12413
2713 2732
1587 2188
8993 11204
16710 14384
6010 8044
13859 9359
8105 10158
5782 9532
8235 10456
11098 12937
2400 1896
13786 13918
1122 1209
11036 12530
18196 15891
18049 15559
4156 6013
2657 3214
4431 6008
2024 2041
2286 3558
204 463
2657 3214
5856 7218
10465 14657
1549 1402
6198 7389
1869 2309
9539 11567
11860 17103
2223 2273
7345 10251
6043 7917
9566 11251
6865 8406
1235 970
6469 7162
13398 14078
7745 8937
1712 2243
6045 8437
9529 11382
13969 14417
6045 8437
310 439
13402 14081
5625 9362
4739 5905
1645 1713
17421 15219
5526 6739
3823 5526
13398 14078
10986 16131
9166 10501
5906 7435
6667 12503
206 167
10875 11679
13791 14428
29 136
16378 14735
2657 3214
14155 14588
6887 9117
10405 12245
11121 13801
1122 1209
15285 14917
8257 11353
141 582
15664 17696
10098 12794
8174 12647
13977 14765
168 351
10120 13821
1360 1588
1753 2288
7416 8614
10647 17354
5950 9875
2134 3339
12484 13581
3146 1188
7761 10160
8408 9232
13408 14253
10784 14138
8369 14518
6314 9730
1471 1829
13413 14423
5457 9185
16710 14384
8460 10510
9892 11740
1153 1333
6025 7556
12351 14976
18452 1659
9111 12329
6901 8789
1590 2076
13398 14078
9827 12350
1633 1912
8963 10484
1728 1803
14921 16076
9316 10828
9257 14011
7220 8762
6696 8576
7649 12130
8790 11356
1655 2053
1774 2307
6948 10911
9151 12048
5532 7061
13976 15092
1285 1495
2848 3336
3896 5473
19145 17158
1410 1335
7124 11261
11085 11379
2451 3357
4585 6139
11526 12158
1089 1084
12563 16693
13256 13960
10208 12391
1702 1369
12737 16956
17595 15397
406 680
7413 9989
7005 10256
12737 16956
15288 15085
12949 17566
5052 6284
12486 13414
15472 15248
6442 9869
5367 6280
2335 1937
10947 13121
3140 919
4463 6036
5786 9014
7746 9628
13403 13912
399 1980
5204 6427
6540 8075
1778 1649
3179 3620
5415 7605
2604 1574
1968 2312
19143 17151
3825 5752
10291 14654
10291 14654
6283 10742
1916 1801
13508 17864
2451 3357
14633 17961
8190 13334
5041 6130
6444 10213
9960 14837
15285 14917
461 830
4588 5697
406 680
7149 12149
6453 8155
461 830
10350 12688
9000 10693
7416 8614
876 1020
1341 1362
1927 1403
13256 13960
10814 15491
3003 5037
1341 1362
12580 17652
931 1175
17760 16595
4774 6043
13321 17762
7839 12656
12089 12691
10490 14848
593 852
13224 13921
2245 1052
17065 14886
12563 16693
6805 11627
7056 9111
1702 1369
14169 15754
2858 3481
