20974
10679
483
1141 4821
3357 6739
671 5561
11450 204
878 4423
2420 2271
3467 2004
455 4091
7833 7946
569 5008
838 4280
2722 1771
542 3862
442 3968
3625 2261
3971 7683
1330 6136
823 2736
11990 8855
3467 2004
2844 4160
11735 8429
4541 7790
7825 7298
1133 4677
7833 7946
1802 1125
3687 7690
1416 5093
7302 7184
2002 6080
284 4597
2271 4661
1018 4561
2844 4160
1557 5094
1716 5530
11782 8656
1133 4677
4328 6044
834 3635
4382 7449
562 4583
3246 7580
2841 3945
11314 8140
373 4726
1413 4813
1865 5528
4470 6326
252 3542
110 3436
3166 2001
3053 6481
66 3338
11882 8756
1133 4677
1022 5112
3163 1747
7181 7408
3509 6741
12010 8807
3163 1747
1392 2533
2931 7352
3824 7680
1213 3727
1003 4682
465 4457
3824 7680
11852 8681
373 4726
3687 7690
172 3433
1512 1249
980 1146
11109 8458
3319 2128
284 4597
3593 5053
1415 4818
718 4657
354 3868
1530 2994
8244 8120
66 3338
7967 8049
1536 4664
2839 3835
354 3868
11820 8780
644 4437
11446 2167
173 3748
11988 8857
6623 7293
3246 7580
8107 8046
3053 6481
1803 1003
286 4468
3545 7691
5377 6827
8924 8279
3976 7686
927 5430
8245 8121
11841 8058
12010 8807
891 4836
838 4280
2420 2271
9605 8240
450 4441
1416 5093
2597 6211
5778 5481
284 4597
8107 8046
1142 4684
2420 2271
355 4439
8382 8124
11854 8761
2711 2002
6827 5749
851 1026
11939 8848
7833 7946
11882 8756
4609 6184
2722 1771
11854 8761
1269 5364
2257 1750
9605 8240
752 4302
3053 6481
752 4302
3595 5331
2420 2271
682 4736
7430 7520
3971 7683
11852 8681
2928 7120
1947 1121
6624 7185
2872 1392
3593 5053
3467 2004
3976 7686
4541 7790
2145 6071
3825 7573
455 4091
6907 132
12015 8861
1010 4963
2944 7804
2145 6071
1532 2653
3976 7686
1142 4684
963 4166
11987 8841
963 4166
8381 8123
2251 1621
8381 8123
465 4457
6325 7301
173 3748
824 2735
3168 2130
173 3748
368 3989
1144 4826
7698 7847
5522 7190
3676 7888
11980 8664
980 1146
4611 6959
465 4457
3077 7233
2145 6071
8924 8279
3593 5053
2420 2271
3673 7887
6944 6182
602 2626
1010 4963
4740 5611
466 4456
4541 7790
3947 7446
173 3748
3366 6985
3246 7580
3083 7351
12015 8861
2844 4160
10799 8619
662 4577
6623 7293
10800 8650
3976 7686
602 2626
7967 8049
3825 7573
285 4467
3744 5614
1009 4555
11854 8761
963 4166
1142 4684
7698 7847
2452 5933
1392 2533
779 6523
7187 7634
111 3332
3166 2001
2567 1518
11941 8853
2145 6071
110 3436
2597 6211
7062 6949
880 4689
11695 8473
3181 1629
12010 8807
877 4421
3682 7575
551 7474
11003 8391
2452 5933
2253 1247
11820 8780
442 3968
7967 8049
1139 4419
11929 8130
1009 4555
3846 8019
3319 2128
1676 4796
6740 444
11929 8130
7967 8049
11883 8732
3053 6481
282 4725
11822 8625
3319 2128
1142 4684
1392 2533
3509 6741
2908 6744
6950 7299
11979 8741
10796 8523
8381 8123
1415 4818
2944 7804
7825 7298
3077 7233
2841 3945
891 4836
11314 8140
2907 6073
4740 5611
110 3436
825 2967
1557 5094
542 3862
2944 7804
848 907
3390 7465
3825 7573
1112 1644
5778 5481
1865 5528
1533 2531
1079 3621
1533 2531
6740 444
878 4423
2097 1244
627 4060
3824 7680
332 3847
1530 2994
1144 4826
1273 5092
1079 3621
1716 5530
