27145
15929
773
2854 3237
12542 8960
9647 6805
8788 11071
12845 10437
11576 8385
6666 2377
11298 8509
2103 2131
7700 3154
12340 9841
13532 9044
8335 10519
13298 11239
7091 4437
12623 9191
10527 7381
9540 35
11624 9070
7182 7712
8129 2225
12999 11610
8932 11454
7524 4976
10458 4589
9794 7157
12842 11494
8099 1112
7752 10237
11460 11378
10699 7840
2650 1381
5044 172
6203 2496
12225 7565
10852 10785
226 8507
5165 3200
12782 8844
12675 9685
3935 2766
10000 3606
5722 10943
10752 11615
7106 8810
10078 7386
6381 3613
2646 2289
7091 4437
10196 10647
6212 5113
2497 3240
12708 11141
11272 9071
6635 21
2420 9043
6605 6578
2105 1527
3246 1765
12999 11610
8776 7147
13157 11247
6293 4913
6438 5045
8248 336
6738 5050
4759 176
12007 9559
8629 7371
6381 3613
4434 3063
9510 7271
5361 2989
12172 10145
11268 8921
12007 9559
10002 3896
2497 3240
10675 10514
3246 1765
9627 9623
7695 4049
6355 4438
10692 7837
2103 2131
8351 5321
8099 1112
6353 2188
10515 10930
13089 9801
2468 1683
12374 9116
10211 7383
10215 7725
11286 11498
11976 9683
3728 1688
10074 7269
5090 4743
7769 5713
11472 10446
10525 7836
6353 2188
13648 9808
12158 9987
10624 11155
11472 10446
8935 6812
13161 10856
7671 4979
10527 7381
13612 10633
6786 7390
12340 9841
12010 9864
9508 6926
8102 2470
12374 9116
12525 1065
7610 8740
12684 10578
8106 6593
5697 9770
5327 73
12433 8590
11298 8509
2470 536
4465 7639
12509 9225
8335 10519
13161 10856
12708 11141
6736 10380
5636 7322
5291 11455
13231 8864
4759 176
4260 3525
2650 1381
12139 9819
2103 2131
13234 1028
7227 4265
189 11294
10762 527
2057 8388
1970 8312
3728 1688
13089 9801
12337 10138
5353 7207
4293 7974
2468 1683
8129 2225
10699 7840
11815 9694
11827 10866
9003 6160
6135 9471
7908 7254
10148 4041
11978 9380
3935 2766
6378 2376
9290 5258
12623 9191
8129 2225
2854 3237
12501 10568
4759 176
8935 6812
12081 9167
11444 8776
12374 9116
5361 2989
8345 5972
11640 9077
6879 10795
7885 10213
8396 6829
6212 5113
11472 10446
11055 8172
5422 2103
2684 8683
3363 1837
6603 4659
4763 9443
10456 3890
10377 7729
3363 1837
13157 11247
8059 5711
11136 9736
13426 8922
7088 2037
7176 4360
13646 9046
11833 11638
6276 9767
9290 5258
7231 4840
13908 9956
7611 3647
7700 3154
12940 9652
11460 11378
9358 6804
7086 4705
3006 2140
3185 2141
3902 3213
8713 11416
8102 2470
12349 10442
8935 6812
6438 5045
7700 3154
4465 7639
9495 7266
2650 1381
13059 10774
6163 6696
10938 916
8686 7064
11286 11498
6635 21
7885 10213
10527 7381
11231 8278
5076 2673
10215 7725
13734 10778
3356 3056
9987 1694
5592 2324
12619 505
2646 2289
4464 8434
8395 6939
11472 10446
6721 10507
8932 11454
9209 7146
2651 1685
13241 2700
10692 7837
7700 3154
1742 1981
8541 6834
12684 10578
13518 9806
9071 11687
11978 9380
7091 4437
10211 7383
10369 7727
3006 2140
4293 7974
3185 2141
12498 10982
10148 4041
9794 7157
3911 2450
6231 4187
12542 8960
11976 9683
10219 7038
12509 9225
7231 4840
7231 4840
5799 1462
13161 10856
4759 176
12501 10568
10692 7837
1790 9273
11804 9535
7234 5110
6893 10803
12332 9532
7698 3463
3717 2901
12675 9685
7622 5577
12509 9225
7465 4219
12172 10145
11136 9736
525 11831
10686 8274
10425 227
10376 7615
8541 6834
13310 11611
9290 5258
7321 9938
6293 4913
12158 9987
6933 78
