27291
17093
2142
2355 10177
12441 4388
3198 5208
3063 5055
13500 458
12590 4806
3027 8375
9982 12027
1523 5795
13299 2765
9987 11984
11744 693
12130 6948
14008 2013
2777 6726
4930 3683
2501 7781
2238 7779
9596 345
7959 11992
1887 5201
11685 1970
1882 5345
7529 5997
2501 7781
10160 11943
10197 7392
8799 12107
8233 2155
11837 3301
1302 7773
7563 1468
6383 2050
2355 10177
6363 3478
13915 1913
11238 2295
475 5328
2104 8805
13555 3626
3544 175
6800 11641
9810 12092
1774 5063
9819 11962
9553 3495
12203 1239
9820 11939
10143 12206
5867 3895
7363 5082
1211 7319
11720 1704
12354 1145
3005 10551
13921 1920
1515 6867
14617 6679
12695 12395
8855 9428
10492 12105
6527 4120
3169 7787
4868 10814
9741 5572
1031 7621
9228 4257
13914 1811
4933 3167
3574 8958
8632 12039
11561 1898
7715 3076
11622 12239
2356 10047
812 6249
5552 3064
3205 5213
9807 12137
12747 3722
4014 7504
8895 4146
12356 1725
3244 9596
2386 6111
10325 12011
9591 413
11781 12267
3064 5362
2777 6726
9184 9289
11935 12337
11863 1688
11858 2185
13915 1913
238 4727
3426 9920
11363 3401
910 4745
5713 3271
2356 10047
12758 2391
10974 12164
3300 8083
14433 1647
11184 6168
1237 5341
10727 2277
6689 4633
3201 5212
8096 192
12154 2384
834 5038
1047 5332
11744 693
5083 3372
10399 1871
4471 4769
9617 3774
1121 7169
10779 2635
6531 3170
1047 5332
4917 4770
9731 2467
8803 11995
13500 458
1981 7326
13044 2799
11934 12312
10563 1972
6715 1756
13914 1811
11306 12218
13672 4409
11529 2476
1737 6868
3063 5055
4005 7644
1887 5201
3295 9514
230 5172
12985 12420
13477 1049
269 5325
11934 12312
7775 2112
7360 5690
3245 9461
2367 8078
1881 5653
6268 9766
6192 4493
12219 1642
7216 1565
3300 8083
1036 7018
9035 5390
14333 2620
3153 9919
8981 11893
7046 2455
12152 2586
2648 6265
2939 4478
8951 280
10189 9709
8236 2154
4123 10922
13606 1243
6747 5743
9982 12027
5635 11555
13819 1237
14513 4306
1202 7619
12154 2384
1125 6404
10029 7693
13356 873
10692 7548
13500 458
3701 10054
14094 2113
834 5038
11202 3506
10759 589
8968 12087
2486 10561
13477 1049
7541 4646
1626 6869
6523 4634
10236 1774
4572 8959
6541 2453
343 5784
10362 7549
5546 4001
571 5028
9810 12092
4934 2753
7051 1660
2379 6414
1848 8368
12747 3722
3288 10051
3205 5213
13044 2799
10271 2115
669 7165
9731 2467
5548 3789
8801 12040
12801 1825
1309 7170
3745 5673
12802 2023
630 5187
3155 9784
7625 11945
14075 3120
2891 9234
13173 3517
165 4870
10563 1972
6019 4489
2647 6573
13673 4048
6647 7948
13092 877
2627 8664
1057 5338
11987 4145
11102 519
522 5178
11859 2084
6692 4496
2617 10308
12065 1447
2108 7927
14404 3136
6020 7071
2237 7780
8742 1187
6357 4363
6126 11512
5219 5526
1735 7475
8335 8397
5068 5070
2496 8807
1306 7470
7569 646
14105 2426
1410 7323
11588 1728
9654 11919
9732 2569
2238 7779
3759 4481
2235 8371
3712 8957
5382 7532
2627 8664
13298 4159
4402 11021
3205 5213
3293 9650
671 6861
11350 5250
4912 5371
10327 12083
9617 3774
2750 10309
9812 12026
14515 4186
10631 12401
10568 1681
3995 8815
9721 3390
13923 1923
1035 7017
13714 1142
10631 12401
8811 11890
9887 3392
14181 2313
7529 5997
3712 8957
9131 12108
12118 8118
5697 5072
11511 4799
3437 8525
8200 6154
2119 6105
14513 4306
1853 7628
7534 4637
