32009
19394
1517
16224 12559
11815 8817
1927 582
5821 2531
5148 1362
10987 7466
13783 10704
6747 2853
3480 1112
11690 1631
7271 8261
10117 7219
9488 4512
3271 840
1752 284
4481 1132
16303 2603
2836 498
10856 8756
2243 393
3393 668
3643 9503
1140 14495
12835 11927
3842 1036
15613 3939
1752 284
5161 7389
460 15052
8216 4190
1602 15233
15719 485
15910 480
9275 4593
14635 6626
12652 1758
5576 1492
2828 771
13439 2173
3390 611
2745 505
9280 4778
13635 5706
2038 13770
12975 1510
14670 2312
2017 13106
7937 4419
16464 14825
2242 333
10987 7466
6624 2117
2064 33
4494 987
12814 1511
419 14908
7071 4030
16219 13673
2939 842
16165 13922
16370 1176
8617 14573
4000 798
15011 12425
2851 507
1752 284
13013 3313
13122 2602
4761 1063
2824 830
3367 1114
8392 4897
2835 600
8230 5071
13710 4608
277 15010
7557 3177
1343 13610
3621 671
5671 2690
12652 1758
7892 5590
11209 10647
7593 1470
7432 1589
12595 11016
14105 2162
3167 612
11293 8972
15059 3987
14185 2439
9774 9494
7746 4918
12749 1445
6946 8440
1534 15315
3380 839
1816 454
10856 8756
13019 3483
16219 13673
3271 840
5178 7390
10394 12141
799 15387
13383 13256
16219 13673
1752 284
799 15387
14788 3815
14290 2308
15083 8749
5821 2531
5532 2692
14635 6626
13439 2173
10265 7017
6447 2244
12700 3482
11690 1631
12039 6787
4369 853
6180 1627
1137 14084
9280 4778
14387 2165
14670 2312
7778 3918
2220 368
16071 2294
3069 9673
1396 13975
16546 14827
4223 1129
2636 710
5404 6127
5734 1380
12975 1510
14128 3811
5734 1380
7431 1245
16546 14827
12202 7142
2835 600
2456 595
15521 13433
5815 2524
2641 603
6118 2686
10009 7864
5251 2229
15844 6591
2851 507
1684 13514
1590 15002
13439 2173
3886 3104
15845 224
16256 85
15548 3098
1881 12971
2262 13895
13514 5402
5816 2855
2733 655
6757 2382
15272 5139
3622 785
2377 12014
6944 6849
12463 629
1686 13123
6799 5974
10135 6357
7724 4028
11998 14572
5816 2855
16042 9081
2841 447
6624 2117
2824 830
4755 790
10519 8930
4365 851
2243 393
15598 13809
14712 6227
1264 13971
3071 10196
1533 13865
7603 4927
574 15068
7769 4417
14290 2308
5405 6834
16071 2294
3842 1036
2748 562
9275 4593
7073 3690
1465 4351
4881 989
5576 1492
8055 5238
2866 14911
14289 2028
7890 5938
13383 13256
7230 3519
3480 1112
6603 1966
3402 862
11197 6252
7444 4416
6311 6674
1280 13862
7746 4918
8055 5238
14798 50
8941 3324
3367 1114
7234 3860
16071 2294
8230 5071
185 15281
8550 4020
7266 1351
15407 1098
5251 2229
8392 4897
3500 778
3395 676
14541 5916
4471 1449
5392 2375
3500 778
10479 6582
15616 3755
6130 5947
1016 14830
14387 2165
3393 668
14548 4954
6908 3521
12997 10642
15521 13433
7557 3177
15270 13307
2535 648
8550 4020
415 15161
1805 12961
14573 2307
3852 1044
14548 4954
6118 2686
15683 4096
2627 767
13527 6069
799 15387
6473 7204
13591 1759
3390 611
10942 7192
14788 3815
9569 6116
7609 4249
5671 2690
7603 4927
13972 4607
10831 1888
14727 7686
9085 7550
4471 1449
11815 8817
2745 505
7778 3918
15844 6591
7419 6136
5414 6130
7230 3519
12950 6723
7641 15369
13380 698
2185 5720
6152 1721
7593 1470
13514 5402
5424 1144
5565 1254
14745 3084
16071 2294
9541 6425
5875 6323
2456 595
13019 3483
10009 7864
6156 7557
14979 51
738 15414
