32564
19330
1096
10248 2448
14048 11612
13432 7910
7603 5126
7098 958
6745 7912
10892 3648
6030 7938
14144 6544
10248 2448
5403 7791
6555 987
14925 9811
11277 2111
4513 381
8514 1444
16040 10803
6030 7938
12729 6704
16377 12386
10506 2388
16203 11575
12866 8157
9335 1802
5703 8206
13360 7764
8685 1813
12852 10152
2188 15242
16372 921
7520 1747
11033 11239
2355 3254
13337 8024
16379 12958
7501 8780
16379 12958
8974 5731
15111 12647
20 471
7804 9314
4936 13796
7871 1684
10125 5200
7493 6765
13227 8193
7501 8780
10037 2103
13360 7764
16252 11147
8805 3860
9308 2490
6412 1197
13701 6887
6030 7938
5570 7796
13072 7742
16193 11651
11171 2607
9441 2461
7298 1117
4493 6631
4110 3245
10794 1790
8415 2303
14660 9687
3433 146
12390 3250
16042 11121
8415 2303
16095 11750
14749 9555
14836 9417
8258 2460
12811 7012
16377 12386
9523 3215
4648 7218
13207 7744
15958 12443
3433 146
10445 5027
6030 7938
9349 14806
7061 8644
12375 10278
9197 5613
7777 10999
12666 5957
3862 9171
8199 3246
15965 12835
4670 514
4221 13322
3743 13923
10246 2444
9624 14224
2240 9451
1583 2092
12256 10717
13018 9375
16314 11685
14048 11612
10410 2449
9305 3686
15561 11741
14836 9417
8682 1938
16457 13490
1841 36
4672 588
7397 595
7493 6765
8199 3246
12942 7011
10359 2250
13609 10289
13207 7744
16457 13490
14660 9687
5704 8488
9033 3922
10986 2413
9256 2294
6010 1098
3094 14539
9272 2626
6843 1563
12816 6714
14627 12814
16299 11471
6030 7938
14244 5494
5703 8206
8618 2988
10590 4509
4540 292
14627 12814
7100 594
13200 8025
11939 6083
3852 6325
16375 12387
14129 11731
8415 2303
14468 12628
8693 4093
15896 13732
11349 4854
749 1077
11171 2607
11672 4586
8805 3860
8631 3514
11171 2607
15560 11434
10464 3028
8930 2302
16146 11649
4740 3763
9652 4211
5118 1874
9103 2462
7258 14689
13337 8024
6368 1643
13478 8179
4672 588
10724 2445
5570 7796
1364 10807
10025 2552
14457 13068
8554 4303
3852 6325
8869 3239
10410 2449
3171 14311
3355 15365
15823 816
7501 8780
11341 2968
14225 6397
9308 2490
4306 15059
7397 595
8805 3860
10450 5201
12741 6411
10304 7395
12729 6704
15514 10575
6712 2093
7501 8780
9256 2294
13229 8337
10984 2261
14925 9811
16215 1863
9205 883
3373 13737
10408 2447
12572 6106
15281 10576
8844 14593
7850 14921
5570 7796
6828 784
13411 8038
5703 8206
11892 11456
7400 4208
9984 7965
5704 8488
6549 903
15362 10461
13337 8024
3862 9171
7185 572
6844 1559
9531 1327
3049 14071
6843 1563
13432 7910
13337 8024
7501 8780
12729 6704
16409 12865
11598 2946
4222 205
13270 8168
7057 8911
3777 13611
12666 5957
13928 5829
7057 8911
10491 15012
14746 9683
7733 1210
5403 7791
11912 4688
12642 9238
1100 15113
5403 7791
10288 5202
12642 9238
9033 3922
5345 7287
1937 12280
11023 2443
6866 5121
6117 5454
10798 4576
7061 8644
15080 11106
11598 2946
7423 1678
13409 8039
8510 1809
4493 6631
12292 2910
2469 10
10347 2234
14578 9418
12561 9507
2731 286
10304 7395
9490 3697
14380 11729
12592 5808
12912 13600
16017 11744
6604 997
14578 9418
13543 8991
12877 6406
4670 514
9544 2733
12852 10152
12675 5302
15172 11000
6847 1091
13547 8599
12681 4964
2885 3330
5704 8488
9821 8675
11493 5024
8199 3246
8725 4302
4142 10823
16096 10919
7587 1434
8455 3162
4334 5041
7871 1684
10445 5027
12646 8299
2939 14537
5704 8488
