31525
19213
1284
7282 9328
1765 4427
1022 3511
10292 11785
4932 8248
13918 14963
983 2856
2680 6142
6419 10062
4692 7746
10773 12672
9671 11711
1935 3962
1372 3733
499 3738
5779 8845
7852 9845
9672 11491
11640 13457
5202 8203
4933 8547
1553 4114
5473 9005
3992 8485
12285 14453
5477 9248
7287 9218
2600 7219
2512 6963
5480 9135
2493 5455
12342 13304
1618 5099
9516 10594
1194 3155
904 1327
9849 12811
1216 3032
9931 11985
10109 12810
6526 8830
12045 12992
9520 11001
2456 4724
6236 8976
5477 9248
1935 3962
4633 8883
11676 13849
2634 5437
10553 13311
11536 12181
15337 15164
1935 3962
3826 5772
371 2954
15214 15254
3493 7427
371 2954
4976 9142
15338 15113
5266 8388
7871 10511
4932 8248
4862 8200
12572 14669
6561 9968
8283 10034
472 1905
4401 7925
13297 14566
7716 9548
2614 5241
2731 6522
5267 8691
8568 10359
363 873
4932 8248
6229 9211
171 1061
5826 9486
13560 14279
9849 12811
1416 4270
4295 9021
6986 9750
10056 12244
342 2269
363 873
1194 3155
13919 15074
1272 3116
2464 5265
11847 13885
4229 8226
987 1913
1279 6300
7998 9753
5488 9372
1191 3627
3023 6804
10075 13019
1859 5212
12003 13136
2395 6189
4761 8097
499 3738
1417 4618
251 1640
11951 12933
9100 9578
1937 3958
6535 8842
9658 11702
7387 8208
5987 9382
13919 15074
9931 11985
2670 4954
2607 6737
865 3449
7282 9328
3250 7181
2607 6737
1126 3993
1417 4618
3247 6854
8926 6623
11948 14079
13648 13882
10360 12807
726 1489
1201 2310
4459 8870
297 1642
1372 3733
1383 4073
4591 8096
1479 4667
10549 12917
12949 14447
9678 12249
7450 10584
2196 6468
136 838
2126 6718
12088 14379
8163 10724
8514 6124
12189 14179
13491 14656
5102 8839
10737 9793
985 2570
5242 8816
9778 10868
5217 517
12869 14395
2614 5241
12287 14314
8649 157
5767 8682
1806 4123
14080 14968
6558 10298
11034 13984
2631 5607
1559 3016
1126 3993
4002 6772
343 1879
5099 8694
1456 4493
12381 14666
10546 12332
9808 12338
519 2401
7282 9328
4881 2833
2845 5294
8429 10573
10572 13252
16013 3736
11437 13458
8580 10444
10805 13023
983 2856
2979 5440
3098 5374
1855 5554
9805 12251
2395 6189
519 2401
13568 14949
9686 12167
12572 14669
8580 10444
2395 6189
2284 6404
12572 14669
9372 11324
5306 9252
4002 6772
247 1056
1996 13324
2493 5455
6836 9543
4058 7771
10773 12672
1855 5554
9931 11985
343 1879
7175 10066
1987 6720
6235 8692
12379 14973
9780 10867
886 1788
11034 13984
5473 9005
1391 3590
13503 13937
1636 4077
11747 13089
5963 9356
2284 6404
2126 6718
357 858
7572 9326
4345 5778
2196 6468
3407 7170
13119 14638
11574 13780
3493 7427
6132 9479
1279 6300
10048 11882
10935 14538
3879 5981
700 2573
2456 4724
707 1799
11835 12500
4761 8097
1748 3578
1226 3986
245 1282
1372 3733
5767 8682
4175 6442
12572 14669
12287 14314
2606 5570
9805 12251
7393 5300
4674 8779
7726 10442
2458 4901
11699 12044
1253 3416
1558 3017
11000 12994
8325 11078
13399 14954
7726 10442
408 780
10309 12246
628 1559
5828 9374
1119 3506
12385 14526
11363 13707
5202 8203
7320 10312
9814 12429
371 2954
4459 8870
4862 8200
987 1913
8428 10284
12342 13304
1021 2897
5928 9089
10455 13172
2243 6191
700 2573
251 1640
9672 11491
1022 3511
11640 13457
297 1642
5266 8388
10048 11882
8022 10654
249 1284
3136 8631
3066 6194
5477 9248
13761 14261
