26931
16574
1587
11646 4865
9755 544
4133 9889
3969 9986
7445 7750
12782 2815
12405 439
13734 8642
10476 5387
6141 7352
13320 2244
11809 6614
6919 4180
7178 1235
2894 1942
10425 6562
9916 3199
10583 209
11713 819
13297 9331
13020 2417
13185 9129
12467 6747
10497 2758
10333 2136
8428 9395
12580 11655
13244 1126
10345 1334
10144 1333
3552 5180
13612 9521
7060 7736
11307 3408
9267 4071
9151 479
10618 8221
12039 2065
8910 3091
12384 757
4353 5817
11164 250
9831 9678
13458 9803
12197 3215
10436 7881
8558 350
8443 8934
9742 1179
9715 2993
10835 8018
11133 1733
12572 11323
8330 1800
9542 876
5038 9217
10125 2488
8810 9683
12221 1041
8561 186
8858 5520
11680 3416
9135 1019
10147 1026
3303 9032
12523 1664
10982 259
10734 2309
12983 8273
12523 1664
8811 9583
8865 4068
3303 9032
958 5178
9418 7353
6688 8229
12368 1744
8525 1880
9733 1489
12405 439
9338 1099
10333 2136
11876 1500
7625 11570
10997 11956
11717 681
6687 8227
5941 11315
13146 975
12810 834
5980 4555
12073 152
9017 7611
9513 2992
12159 6354
10603 12029
13680 9624
3224 4654
109 180
3224 4654
10584 319
11580 11740
9314 2890
12907 2327
10075 3949
13320 2244
8611 9874
13240 1438
11084 4100
9136 946
13276 9319
12910 1992
10963 676
12467 6747
12715 11656
10531 2493
12909 2075
3228 5183
10331 2304
7847 9021
12368 1744
3274 10543
8553 413
12085 442
5478 6915
7065 6294
12254 778
3288 10173
6007 3584
1206 7970
11442 6478
12035 2707
12197 3215
7095 4430
12213 1423
10939 1651
6353 4551
2894 1942
9558 417
9267 4071
12035 2707
10166 245
10581 207
12840 11736
10334 1973
9413 9392
12910 1992
5035 10073
12927 903
11866 2503
3066 5456
6505 8809
12049 1265
6634 663
12207 2153
6124 9376
5602 4685
7065 6294
11340 815
8216 8694
9255 5653
12790 1747
12500 4095
10217 7725
7682 4313
5578 6310
11856 3883
6646 287
12040 2068
11307 3408
10413 12175
10721 3510
9946 878
2261 1861
12085 442
9011 9585
10894 3168
12010 3964
3396 281
13308 7540
6275 6954
9194 11634
12872 7907
8529 1560
12476 6887
8610 8997
6334 9779
11871 1982
5960 9496
7862 4691
8216 8694
12212 1502
6810 1005
12838 11967
215 6554
2956 6693
13101 8849
13085 8618
4271 12842
8910 3091
8147 1088
9314 2890
8811 9583
12059 687
12347 3601
7537 6380
5968 9976
4120 9406
9513 2992
10564 612
3893 661
6546 4566
8270 4318
7302 3578
12571 11241
10072 5116
12462 7009
10779 202
10750 1106
10214 11817
11680 3416
9335 1409
1597 4295
614 865
9413 9392
8536 1094
7861 4549
10603 12029
12783 2510
7296 4188
13099 8031
13507 1362
10327 2792
4290 9308
13112 10934
9415 9298
3062 5049
8667 3698
10347 1257
6693 8125
883 2100
12199 2809
12838 11967
11053 6476
8876 2744
5948 7858
5685 1388
12216 1268
10982 259
7251 8238
3274 10543
6252 806
9236 8385
6008 3465
9754 543
8214 8992
13051 767
7178 1235
8810 9683
5095 7049
12444 11413
13371 9800
10937 1895
10639 7769
13298 9046
10697 2859
10138 1570
12040 2068
12806 902
9742 1179
10533 2307
7068 6963
13128 2243
6332 9492
11850 6659
9039 8735
13281 10085
10163 482
12017 3281
9627 9297
10982 259
10721 3510
11707 961
6505 8809
8622 7238
6141 7352
12723 8728
12045 1741
5980 4555
8809 9087
13020 2417
11068 6361
2118 2022
6305 11049
10531 2493
12359 2911
9045 8390
6269 403
13388 10005
6888 6717
