32044
15819
753
13347 2486
1543 1027
8294 7670
9144 4982
16695 4592
5246 6996
7364 5812
14005 12861
6485 8961
17881 12529
6955 9413
5241 6504
9932 9195
14508 12910
5117 6830
7890 7453
11268 12237
18297 11913
5973 8186
6894 6478
7170 4444
15981 10979
4389 7054
16557 11197
15453 3125
4828 10447
15489 2215
220 2606
7100 3556
7661 10889
6732 7615
17675 12463
15153 12683
5285 7523
10925 12306
10963 9481
6419 8591
13855 615
8662 11249
8006 9018
11454 12994
12996 12510
5789 4325
4739 5538
15153 12683
18081 12324
7100 3556
561 1460
12422 202
10993 3707
6420 7777
11800 12515
8822 10699
7888 7291
10974 8411
6513 8197
14508 12910
7984 7441
15981 10979
962 10569
4828 10447
15785 3245
8427 9235
5973 8186
18081 12324
5238 6331
15153 12683
9217 10872
7115 9555
17778 12594
17094 12938
5247 6836
5595 6017
14005 12861
5416 8023
5285 7523
7276 9689
11146 8410
5247 6836
9217 10872
6550 9051
10619 9333
9045 10988
6824 9289
9179 8005
5702 6458
14404 941
17881 12529
8007 8865
8830 11251
5237 6822
11268 12237
7385 5820
6190 8503
884 10922
13174 4276
5110 5000
7186 9496
15484 12560
9435 7624
10731 12061
10235 12989
5523 7852
9742 10873
7303 11061
5649 11750
803 3318
13032 8580
13028 12810
16583 10412
8413 9982
14000 12757
6420 7777
15996 13094
14490 12433
17475 13113
5581 4996
8006 9018
15512 12996
7174 10510
6754 8768
14822 12629
12499 4442
17983 12592
7547 7454
10221 12184
14786 3264
321 9160
17233 10989
7186 9496
6821 8679
6485 8961
7115 9555
5831 6225
8242 6250
9351 7842
2325 33
8881 4925
4875 11395
8006 9018
11628 12951
11496 7115
13154 12640
8944 9077
12325 8259
16974 10639
522 3783
11799 12514
5246 6996
7890 7453
15417 3291
7186 9496
14652 12164
14652 12164
7890 7453
6486 9268
14324 12365
10395 12183
17475 13113
8007 8865
17983 12592
16830 13024
12683 1654
6953 9264
5644 8972
5238 6331
9217 10872
17475 13113
15972 759
4093 7074
13689 12142
125 1449
416 4389
5249 7160
6015 6296
10127 8119
18115 12210
11306 10994
6959 10083
6513 8197
11149 8579
7677 9874
16145 13062
6250 6378
9144 4982
18112 11915
8006 9018
6752 8767
10751 12376
5431 12767
6242 4348
18115 12210
10753 12377
6513 8197
17907 12097
10904 12060
17675 12463
6130 5990
5598 5854
11628 12951
6959 10083
8771 8921
14005 12861
13154 12640
17764 12201
8123 7345
579 4304
11283 7770
584 7886
6011 11935
11341 3708
14652 12164
11268 12237
5237 6822
8873 10270
6824 9289
10792 8569
9932 9195
6077 11525
8830 11251
13174 4276
5113 6986
17982 12462
5243 12218
4891 10476
11146 8410
5285 7523
10221 12184
17504 12155
5158 7858
7276 9689
8484 11154
12987 12577
10631 8734
10221 12184
6444 6027
15484 12560
5237 6822
7303 11061
8007 8865
17475 13113
17982 12462
6894 6478
17364 13060
7888 7291
5871 8027
6278 6138
7890 7453
16145 13062
6419 8591
6953 9264
14989 12626
10404 12380
7023 9199
5416 8023
10751 12376
5210 5642
8479 11158
10235 12989
8042 5643
13855 615
6422 6482
5748 7686
5246 6996
5113 6986
10753 12377
5237 6822
8822 10699
9239 8733
7385 5820
17881 12529
7276 9689
7888 7291
7401 9088
8944 9077
9382 5591
14822 12629
6425 6479
6190 8503
16844 10404
16583 10412
444 7561
660 3186
7449 5191
8371 12990
15476 11508
18115 12210
10731 12061
7303 11061
5121 6995
5113 6986
4189 9657
6752 8767
7364 5812
5113 6986
8006 9018
15313 11925
6938 3706
18297 11913
4389 7054
