36904
23168
2269
3239 5285
14352 15219
7336 9454
4941 8588
4590 6371
151 443
12573 13408
3168 3671
11753 13089
1178 6129
3718 4671
7523 9177
12285 13038
782 2020
11829 12572
3033 3675
13773 14373
10843 12160
11160 12874
3736 5037
7803 9308
4755 5377
8573 9967
14630 15217
11056 11156
6746 8659
16959 17081
11697 12477
10146 10682
519 1698
14352 15219
11869 12725
4337 6589
7011 9251
17772 17816
16765 17096
5694 6287
8151 9834
7320 8942
17531 17497
4990 7470
13628 14633
9587 10724
5795 7730
3030 3673
13655 14259
17696 17568
14481 14928
14352 15219
12159 12834
12675 13005
3718 4671
12018 12842
5295 7643
7675 9017
9934 10937
6159 8794
12611 13588
8144 9670
238 1679
3703 6175
610 1441
15075 15524
13705 13484
12035 13320
12846 13668
5194 6723
17809 17838
9342 10475
438 5606
12435 13414
9294 10572
4880 7029
16307 15713
2763 3690
10202 11363
1429 5275
8886 10143
11362 11314
11448 12641
13116 13945
4005 4328
10203 10581
17260 17345
16198 16892
12954 13644
2765 3862
12001 12603
10243 11716
11543 12470
5419 7619
15323 15893
3570 4832
2480 3178
12594 13572
6018 8623
8255 9942
10700 12023
13856 14180
13518 14260
9846 10845
10097 11569
7132 8758
6455 8334
16765 17096
1358 4152
5572 8275
16867 17268
7966 9486
3388 6140
93 512
14351 14947
12869 13564
1890 2799
11296 12746
11705 12372
4300 5869
2959 4936
10902 10841
10850 12021
11723 12612
12511 11613
6926 8702
7343 9142
4554 7473
12154 13173
13026 13999
16971 17269
9849 10049
13240 14083
12840 13523
3183 4201
3975 6826
13310 12058
11063 11626
5377 6595
10358 10430
204 445
13768 14779
3795 6291
13656 13450
4605 6559
15711 16380
11884 13196
11937 11458
11935 11302
17602 17742
3306 4009
12159 12834
3239 5285
5328 6709
1307 4087
10909 11472
7345 8984
12992 13687
6634 8542
2147 4958
8858 10108
12523 12213
424 1957
11745 12968
17260 17345
8140 9827
10398 11718
1837 5117
4698 7466
13444 14178
6355 8220
8996 10412
5354 7723
6321 8019
8710 10114
14349 15080
12276 13146
9546 10211
17776 17502
11411 11975
13667 14829
6482 8370
3571 5177
10548 11869
6752 8667
9745 10732
5510 7571
3595 4868
5128 5801
15469 16042
8442 9986
7803 9308
12005 12714
14508 15381
351 2099
7750 13503
6634 8542
9636 11101
9342 10475
7049 8509
7795 9460
12145 12818
17607 17687
16774 16522
2879 3314
7069 9014
8858 10108
13907 14640
404 3052
5497 7232
6463 8186
3587 4517
8101 9620
13441 14041
6446 8639
13249 13963
750 8106
8575 10131
15196 15778
10529 11394
10803 11818
12750 13721
9506 8076
13119 13955
11143 12532
3712 5685
7498 9145
11148 12420
142 1005
3171 3674
6618 8367
11841 12479
14643 15099
8858 10108
15582 16488
5128 5801
11143 12532
13907 14640
12435 13414
8866 10285
11933 11455
10933 11639
17357 17275
4586 6195
3810 6973
4234 7780
15714 16269
11933 11455
10327 11331
17354 17349
10248 11566
5274 7455
12222 11611
694 2165
12454 13438
3297 4843
1307 4087
5652 7568
11362 11314
7688 9673
5001 7479
13499 14238
8589 10144
12967 13795
13935 14542
7132 8758
13244 14230
17848 17974
15857 16411
6558 9572
4012 5532
2144 5639
9844 10843
17601 17916
14089 14972
4890 6378
4332 6246
15718 16155
13788 14391
2174 2973
16542 16805
6618 8367
349 2394
7344 8983
10857 12551
13260 13979
13338 14335
11176 9223
4586 6195
16092 16503
11974 12788
10555 12306
8108 9465
8524 10061
4403 7469
11869 12725
692 1730
16076 2456
8600 10316
726 16430
3881 5039
3100 5449
10845 12159
