29453
17500
1137
12957 11036
10870 13670
362 1686
10826 11541
4707 8869
12397 10820
8107 10714
10731 11898
4390 8754
10260 11632
10024 11907
10644 13165
8228 10713
5173 9201
11088 13509
10826 11541
6121 1642
6615 10348
13440 12907
602 4930
1456 997
1147 3005
11869 13293
5021 8752
10638 12611
11847 12061
4092 9642
13001 13695
12202 10373
11171 13233
10355 10534
9359 11473
1948 5314
5342 9826
11551 11973
9221 11303
3704 5523
2886 7207
13441 13057
12042 11971
10275 12082
10163 13091
8807 10766
1157 4289
8835 11085
11695 13765
10957 13012
10644 13165
13185 13786
3321 9743
1820 4390
10749 13014
9488 11381
3014 8884
3392 5414
14244 13191
9490 11467
1642 7157
9924 13250
10521 12778
4630 4682
6988 10414
268 3798
949 2690
3976 8813
12437 12999
6094 10193
274 1511
2338 3750
12277 13756
10849 12694
268 3798
1240 1000
2788 5419
7367 10644
2770 3207
8123 10658
8856 11663
776 4186
8706 11075
9106 11741
259 3355
2482 4067
1756 7544
10048 13443
4249 9741
11875 13703
12345 13149
1756 7544
12259 13651
11051 12513
6225 10102
9924 13250
384 3571
12184 13802
1923 916
1644 7283
2620 3099
12628 13219
11351 11894
3334 7685
12487 10746
3157 8301
12256 13481
10545 13507
11668 13079
6358 10343
13498 10958
12968 11701
5229 9153
11654 12240
12184 13802
12129 11705
2718 8780
11043 11895
1098 6383
12415 11964
1687 2042
10302 13506
12202 10373
1490 5226
8807 10766
1362 2600
4259 9841
2769 3097
3258 6997
2342 3964
315 1512
11259 12337
5342 9826
9761 11475
12307 10967
3976 8813
5953 10020
10617 11629
15054 6801
9652 13173
10741 12343
9895 11819
1820 4390
1209 4649
9790 13381
9480 11212
11515 10058
10268 11730
12631 13593
6871 10499
13373 13898
12431 12675
9774 12615
11674 13229
12109 10374
5484 8868
10159 12779
946 2060
11266 12769
10545 13507
11145 11807
10277 12259
1790 8080
11781 13658
9891 11556
9637 11914
9241 12094
9247 12450
12786 11614
10731 11898
1098 6383
13043 10964
11088 13509
12375 13879
51 1786
12392 10219
6358 10343
4390 8754
10743 12693
11990 13808
1820 4390
11145 11807
9897 11736
11266 12769
9895 11819
3249 5746
8470 11004
12628 13219
10545 13507
1942 4176
8957 11147
10111 10383
4128 8697
12951 10892
11861 12849
10166 13092
12576 10293
689 1172
1240 1000
2863 8769
12671 10813
1269 5023
8091 10549
853 3456
5718 4894
9244 12360
9227 11083
12415 11964
9246 12537
10400 12524
11595 13763
1687 2042
10148 11990
604 5041
11244 11456
12212 10896
5021 8752
3473 9545
10163 13091
10398 12258
4785 4680
12164 13650
12490 10893
13462 13862
1642 7157
3702 5521
10870 13670
13065 12580
8980 12274
10638 12611
12482 10055
9114 12271
12375 13879
5145 8377
2476 3318
12459 13901
12442 13288
2769 3097
2620 3099
6873 10503
315 1512
12526 12923
2858 8306
3028 8061
12968 11701
10147 11731
852 3226
9513 12617
11351 11894
5071 9146
8220 10702
2568 8430
955 4184
12281 13913
12321 11792
12256 13481
2143 7941
3044 8108
9630 11559
2863 8769
9243 12446
1811 3755
10733 12071
458 1259
11515 10058
9405 4537
5042 10031
11552 11974
11731 10827
5178 8867
1362 2600
10631 12078
11925 10897
9505 11826
13001 13695
11563 12684
9521 13102
3473 9545
2354 5651
9359 11473
3195 8226
12459 13901
9250 12364
1098 6383
11143 11892
6863 10339
1908 7962
3391 5522
51 1786
11515 10058
9758 11472
6605 9810
5228 9038
2943 5639
3461 8418
8470 11004
12135 11886
10631 12078
514 1591
12042 11971
6095 10195
3723 7254
12957 11036
