32044
16121
901
207 910
5486 6211
7888 7874
15769 9522
10141 10924
9244 12566
4470 5051
4816 10192
5716 8652
17909 12152
461 2902
6700 6010
3534 82
17878 10682
1638 1029
8368 3794
8194 3491
12472 9542
10581 12584
7349 9347
12844 5779
1974 784
16433 10649
4689 804
15983 10875
17883 11313
8906 10940
6484 9114
17587 12773
7333 9167
7838 11097
373 11316
5417 7197
5644 8818
5917 6513
8007 10139
417 4393
10591 2769
16922 13023
5032 6711
6272 7458
13195 3957
5417 7197
7671 10006
6642 9691
6026 6520
15255 9820
2706 7260
10377 10077
15514 11772
5154 10429
5400 10179
2330 2468
11518 3844
4728 11676
12726 3937
12645 7630
17449 7832
18345 11386
3527 166
7611 10084
6485 10463
6422 7134
16712 10284
16572 10405
7708 8990
8652 5663
9812 92
16433 10649
7381 8449
8722 10416
5872 8988
580 5750
12328 12541
14287 3390
5118 5844
8183 11100
17688 11104
10161 5295
280 2900
16958 3046
4778 846
3114 469
16415 10980
570 11326
6082 8183
15424 3686
14246 926
2973 336
16390 4892
6719 11436
5154 10429
15666 10400
8823 5491
7040 11346
5128 6377
17695 11984
5644 8818
6869 7277
7723 8789
3947 164
1249 789
3821 1607
4987 7318
2834 6117
8699 5108
6639 10087
17216 11492
658 3184
5253 6704
14479 6625
16572 10405
580 5750
8142 7631
16416 8382
10063 3805
6449 9088
12291 9811
9940 5638
6642 9691
15650 511
8194 3491
331 11977
98 2603
8508 4276
5122 6670
10066 2912
280 2900
6446 8461
5872 8988
6449 9088
12687 9199
5414 9127
6837 11631
17909 12152
15514 11772
2319 901
6899 5973
16824 12891
7349 9347
8903 9501
7889 8200
2203 679
16437 10650
3527 166
17354 10136
16554 9603
10472 3840
9938 5472
5452 8125
17908 12093
8699 5108
10581 12584
7111 8957
11832 8879
12818 12512
98 2603
17882 12555
5888 7829
9940 5638
18766 12872
10196 9396
17908 12093
16132 9888
7200 11429
2566 5288
6111 7182
9192 3197
8474 12376
8323 11375
389 12276
2320 680
8215 8686
4989 5546
4866 11433
5226 7223
16431 10524
6837 11631
16960 12938
5524 7687
7469 11265
17909 12152
8008 9319
5154 10429
10196 9396
8368 3794
9064 12986
5723 7041
17332 7786
17910 12096
8009 8553
2303 1298
3821 1607
2830 6442
6446 8461
17781 1167
12328 12541
14786 3247
8007 10139
7349 9347
5762 11880
16974 10407
9967 11035
9244 12566
6983 10480
8722 10416
15484 12737
15318 12620
5086 5639
5122 6670
6089 7301
5578 7882
9534 9771
11791 12300
5122 6670
12818 12512
8323 11375
17477 13092
5530 8820
5993 5167
16824 12891
15952 4090
5373 6378
16433 10649
9161 5832
7451 11955
7617 11956
14411 603
7708 8990
16974 10407
6739 11170
14405 10042
10609 4591
3654 137
5128 6377
17695 11984
9161 5832
4470 5051
10968 8728
5917 6513
8310 6960
6148 2009
4198 6
15952 4090
5090 4804
18766 12872
7137 5900
4616 4049
5597 593
17690 10655
10581 12584
15511 13034
9933 959
5424 11002
18022 912
298 2460
3645 116
17881 12272
6643 9956
10581 12584
6422 7134
17593 12045
16550 12789
5032 6711
7601 9215
16133 10753
6712 12283
7506 10264
5294 8667
11767 9946
5917 6513
7838 11097
10744 11286
5262 12788
12291 9811
12117 9813
17910 12096
1065 1869
17564 11092
9192 3197
4721 7313
1167 2037
16418 8704
8646 7609
4773 121
16833 8858
17988 11574
2303 1298
331 11977
6256 8262
7113 8959
12864 1086
5167 6708
16073 3837
14409 11034
16433 10649
8652 5663
11395 12224
17882 12555
25 2890
