27813
15146
904
8687 8936
2103 3674
8482 11627
637 2501
2801 4658
6297 11135
956 994
4410 5365
8006 7955
2698 4172
8354 8787
578 1976
5617 11378
7021 10990
2601 4181
8520 9602
3261 6179
402 1974
8520 9602
360 1504
6474 11131
636 2503
9914 12540
5734 6242
117 1795
2491 4810
7541 11286
14271 12840
8006 7955
226 60
9452 12025
7648 8446
9346 9897
2901 5347
6298 10788
771 2937
8157 8934
303 12471
7330 3084
4791 11109
7634 8766
988 2405
9047 10919
5614 10142
209 705
558 2221
2702 4180
9048 11396
7284 8104
8336 8442
771 2937
445 2127
3757 2916
710 3163
9276 12321
2598 4176
8354 8787
8706 10826
903 3159
11404 1468
7541 11286
958 2993
11148 10436
9192 9592
2695 3909
7806 8764
3810 3852
1475 2175
5775 10968
3049 5821
1309 3390
7195 10886
889 2451
8402 9507
462 1591
6423 8646
2801 4658
958 2993
8687 8936
9808 9552
1169 1257
988 2405
4955 10134
7275 8926
5614 10142
8533 11079
9808 9552
145 1968
8867 10485
7279 8767
12855 5745
8705 10362
913 3165
1819 8420
10543 12409
2197 8913
961 2598
8157 8934
958 2993
1765 1407
3937 3657
9781 12327
1057 2943
179 38
11047 5724
463 1401
2845 5820
7450 8599
884 2131
911 2828
7279 8767
6489 209
10395 12699
7275 8926
79 475
8336 8442
6466 10970
142 1573
13024 5921
3367 5117
4778 9947
8605 11888
994 9035
3049 5821
835 2713
9047 10919
10830 12462
1309 3390
6920 8101
6466 10970
2925 9368
9049 11547
7793 9077
14271 12840
4410 5365
925 9366
9452 12025
8762 12134
11275 9705
9650 8895
9259 5403
8336 8442
7803 9091
9757 12187
9047 10919
172 2005
5298 9524
5022 7027
4644 5019
4384 6724
4817 9361
919 2619
1030 1548
7009 10130
4749 6725
142 1573
986 3054
7803 9091
9383 11162
308 1226
2906 5001
9374 10610
280 219
1952 3173
6929 8273
310 1320
10685 12306
2695 3909
408 1218
4487 6898
4484 6893
7275 8926
558 2221
259 962
310 1320
282 218
7541 11286
9535 10481
3470 5303
7980 9092
5787 10679
408 1218
3295 5500
7450 8599
8705 10362
775 2829
4789 9313
2491 4810
3935 7220
305 699
8535 10086
208 792
11148 10436
211 549
6658 11224
8352 8291
3361 6521
12925 5041
2703 5374
9312 8078
8157 8934
4937 8975
1436 907
8519 8773
10078 12307
5734 6242
258 788
9757 12187
364 964
2975 6012
10685 12306
1262 3320
213 1897
556 1816
8605 11888
2906 5001
6489 209
9874 11833
3471 5305
642 1984
9049 11547
4950 11291
1850 3281
565 828
2845 5820
8016 10726
3756 5890
911 2828
282 218
9040 10609
96 2613
5788 10429
7431 10310
2494 4484
10321 9755
8608 505
7625 8263
5734 6242
911 2828
445 2127
911 2828
9374 10610
9452 12025
1056 2721
9916 12494
578 1976
208 792
6474 11131
2601 4181
3478 5995
8844 9899
2200 3116
2801 4658
639 2289
889 2451
8519 8773
10128 8399
12837 12284
587 2724
2878 5145
9040 10609
7021 10990
1133 2834
7627 9749
9758 12249
11148 10436
4715 4432
3916 6515
2702 4180
5296 10432
908 3049
3049 5821
10321 9755
2008 8590
4778 9947
7724 10137
3693 5642
7793 9077
8256 11957
1526 2850
7366 10410
7838 7447
2845 5820
4941 11704
1140 2841
259 962
7449 8596
3367 5117
3810 3852
7021 10990
8336 8442
9046 11001
3367 5117
308 1226
4817 9361
1760 2944
85 439
25 1700
2901 5347
10030 11758
