27813
16078
1162
503 1924
3808 5283
4942 10640
923 2623
7809 9424
7312 10232
7515 11638
6602 10368
3204 5866
871 3073
4043 7393
7114 8113
8162 9427
10825 12300
9616 12384
8007 8459
2906 4824
4784 9310
6701 9863
8765 12136
945 3750
626 664
784 2198
14664 12802
3055 6684
4944 10950
2244 5106
5695 8082
4901 7420
764 1873
13616 12754
9376 10489
7474 8452
11089 12397
7622 10335
1493 3057
3085 5675
738 2427
10039 11621
5430 11496
917 9866
4062 6909
8704 9939
127 7524
3486 5123
8705 9782
7342 11421
3400 7579
4175 6912
522 1984
11089 12397
3045 4068
8859 9434
2906 4824
9126 324
10222 12288
2557 6522
6120 10662
2592 4815
2924 6494
2493 4482
8693 8943
2449 6514
686 2130
3808 5283
2591 4317
1012 2742
6898 10179
7653 8622
7467 8279
11242 12470
992 2624
2349 4772
12406 12095
895 1973
7653 8622
11745 12675
1392 3275
736 2109
3342 5969
7459 8605
754 1739
10821 12396
4062 6909
4608 7759
8364 10494
10678 12453
7979 9254
4392 6737
488 1807
1618 4786
1854 3826
10203 11968
9390 11548
4398 7433
1177 3097
3992 6491
3831 7576
9538 10608
8341 8608
13037 12100
642 2188
1854 3826
10681 4362
2071 5472
8518 8942
6601 10090
3197 6553
12554 12699
2055 5110
3295 5851
738 2427
957 2554
4616 7253
8503 10207
10203 11968
2301 3567
10962 12454
2797 4990
3363 6852
2247 5461
6963 10834
12649 12700
7543 11870
1492 2836
4015 6154
739 3075
7454 9258
2458 5824
7268 8914
9210 10226
7637 8440
4316 736
3488 5302
7988 9099
9214 10825
13083 4210
5866 8421
973 3047
13850 12856
12840 4861
8326 10054
2799 5171
4175 6912
8518 8942
5646 988
3810 4620
10677 12541
4013 6152
6601 10090
2797 4990
360 2406
1177 3097
2901 5170
758 1384
750 2233
6250 10500
3370 6685
3617 7239
9538 10608
2760 6695
7809 9424
2149 4427
9700 10607
7280 8603
6963 10834
10821 12396
789 1603
6414 7445
2841 6504
283 727
710 2509
8704 9939
5678 9876
5356 9554
2792 5161
6888 9707
4850 8044
7284 8442
2476 4970
3906 5978
8343 8772
7006 10132
1011 3182
4955 11196
2754 6517
9747 12178
4392 6737
495 3078
2493 4482
4616 7253
3278 6008
2490 4023
12346 12701
4334 7536
3574 7196
10340 11236
9700 10607
1772 2950
12346 12701
5532 8084
3486 5123
10527 12227
126 202
7625 9413
5381 8099
82 720
7656 7620
2631 5096
7809 9424
1725 4149
4065 7083
6527 10169
1096 3996
7809 9424
805 3298
3610 6538
9866 10997
2900 4992
579 2505
7631 9423
6080 10623
9392 11549
499 3643
5733 7102
3720 7059
5534 8420
885 2551
6602 10368
8499 9898
2393 3900
5712 8103
9916 12309
944 3527
10678 12453
3556 6318
4065 7083
30 360
2338 5454
7809 9424
10534 12403
4334 7536
9117 12326
11060 11897
8211 11707
3794 7368
3364 6680
5430 11496
4061 6560
817 2767
8343 8772
2758 6346
464 1883
5538 8097
1478 2601
4173 7081
562 2230
4530 4199
1345 4618
7448 10202
6963 10834
12346 12701
2857 6866
7809 9424
4903 7422
6076 10370
9376 10489
3294 7065
3881 6666
9757 8173
5105 10949
3952 6906
8686 9265
7765 10165
502 2227
2652 6171
9253 12183
784 2198
5221 7249
1093 3870
7725 12009
2792 5161
7806 9090
7546 11871
446 2125
12407 4872
1819 3777
1025 3319
12453 12753
4170 6908
3364 6680
10684 4867
8515 9100
3810 4620
10019 9922
3363 6852
818 2552
6752 7941
12503 12158
9376 10489
