31153
18950
1347
415 209
8291 7301
5734 7900
14704 14053
8119 7663
12154 10359
11958 11064
15002 14385
12906 11598
4053 3818
8623 7428
14381 13379
9162 7596
2391 1619
1611 2282
8063 6928
7540 6643
15328 14682
7675 6755
2046 1244
10921 9746
10696 9689
6882 6214
10921 9746
15225 14252
5397 4340
3689 3310
12308 11330
8021 7225
6677 6199
13991 12613
4472 3855
8214 7228
6030 4938
11402 10258
11139 9661
14810 14279
7839 7069
9825 8529
5203 4512
12569 11631
3808 3254
10481 9011
1172 401
9647 8977
12277 9724
6030 4938
1750 1285
12345 11365
11894 10354
1177 313
14137 13233
11919 10871
1074 448
14839 13834
13402 12645
7856 7421
3608 2527
12966 12400
8621 7427
3818 3781
5523 4627
9208 8125
11968 10270
13021 11741
7067 6030
7648 6901
12789 11450
8857 7812
15818 15288
14073 13719
4008 3957
5918 5161
8504 7510
961 650
4195 3776
14738 13408
8080 6595
6934 6252
9617 8656
11968 10270
4198 3955
11069 9740
7842 6730
13438 12389
11428 10122
13231 12277
14356 13207
7869 6927
9208 8125
13198 12536
5728 4818
2451 2421
11424 10280
7675 6755
4122 3725
6101 5673
12227 10441
1149 847
12928 11921
1072 353
10448 9434
5036 4014
13595 13009
3924 2254
9825 8529
8030 7068
7581 6335
3600 4784
6483 6022
15782 15155
13021 11741
5609 4705
8476 7462
8476 7462
6979 5102
1732 2058
8848 8424
4563 3757
8628 7269
1590 555
12936 12080
8953 8043
10958 9794
2703 2673
4898 2272
13413 12948
11983 701
1423 1141
7675 6755
15003 14395
8405 7399
11105 9943
9660 8683
13034 11902
5609 4705
728 267
8980 7749
5606 4877
14146 13385
8796 8062
6551 5557
13541 12662
14192 13572
8972 8213
6751 6261
12569 11631
15429 14938
873 589
11569 10444
11107 10102
5345 4995
13883 13071
6570 6097
10277 8975
11547 10420
11779 9581
8021 7225
13420 12516
3802 3241
4304 1927
10643 9795
13646 12929
1397 1566
11424 10280
802 388
3808 3254
1538 1317
1165 305
12958 12395
8623 7428
11351 9578
13784 12957
6483 6022
3808 3254
12928 11921
12088 11215
5397 4340
13164 12650
14258 13664
5401 4516
12569 11631
9163 7914
12088 11215
13453 12837
6633 5648
15706 15169
3689 3310
7555 5450
151 456
8809 7267
14911 14288
1700 1341
5589 4686
12730 11819
10639 9792
12906 11598
1072 353
12737 11972
11410 10266
15162 14569
14380 13667
11575 10620
1091 1466
12227 10441
13158 12053
9960 8821
13396 12491
14590 14046
13801 12827
4699 1918
6096 5144
981 402
4553 5483
4319 3058
12097 10439
7842 6730
11794 10874
10639 9792
12739 11827
2092 2404
14384 13096
10998 9680
2689 1952
13396 12491
10138 9280
13209 12546
6826 5821
11113 9948
2253 2468
8037 7576
5632 6490
5589 4686
12844 12106
13030 11897
8476 7462
3689 3310
12966 12400
11779 9581
636 340
15782 15155
7707 6430
11715 10778
13176 12515
6859 7042
12482 11078
9825 8529
4508 3727
3886 2853
2160 1519
10541 9532
3802 3241
5153 4647
717 341
4508 3727
7351 5606
13172 12363
6248 5473
9556 8906
11369 9894
14480 13793
12158 10532
12308 11330
435 753
3983 5135
12729 11965
14261 13381
5592 4690
13228 12417
6113 5343
5417 4186
3443 4267
10696 9689
4674 2369
14132 13512
13021 11741
2054 1527
5323 4619
9027 8117
15818 15288
8492 7489
11426 10447
4195 3776
14379 13662
14907 14283
2118 1506
13714 13294
13030 11897
1927 1419
4062 3995
6619 5118
7944 6326
4625 4163
15429 14938
7456 6383
8681 7982
5 7
11547 10420
7130 6942
13151 12048
