29621
17691
937
8198 9966
1390 2598
13849 14492
6444 11900
8509 9701
14583 2321
5584 13245
13666 1835
124 12856
7798 9646
13492 6336
9308 11968
7407 11674
9692 7956
4502 8341
11216 11844
852 2582
6449 11773
9168 8565
904 3369
2841 611
5374 5072
756 2569
9704 11482
8142 9430
5453 11250
4422 11274
1136 3855
631 3637
5508 6132
6002 5631
4949 5811
5330 11749
2338 2080
13441 13912
5508 6132
5053 4556
13055 13709
6699 6314
7864 11175
9702 10894
964 3481
854 2862
6073 12895
5624 5767
4422 11274
5459 13352
13585 13993
443 3139
7543 12087
1084 3648
1053 3478
4504 8575
995 3792
1446 4349
10839 11007
1053 3478
4988 10170
13976 8338
4567 13666
7524 12188
7004 8404
5500 6237
5336 12756
4065 5673
8252 10879
5828 13125
10174 12624
1053 3478
5501 5890
964 3481
5948 13130
5213 13349
949 3283
8249 10776
9702 10894
4020 11769
9259 8566
11252 8711
8811 7292
9128 6473
3409 6745
4970 12131
1087 3650
10192 9267
6912 6310
10064 9342
11379 13491
3406 5928
7313 12202
11313 13206
8540 10255
647 1458
8104 10356
10977 14010
2758 1036
10981 4581
5949 13013
6915 12534
420 1598
5951 13353
8216 10612
6675 12777
3811 5669
5949 13013
5094 12258
13211 14434
5501 5890
5501 5890
5321 9677
5828 13125
7029 12658
8509 9701
393 2361
13788 7623
14571 8292
9071 13753
551 3635
13301 13829
6797 12656
5954 13354
420 1598
7313 12202
3375 1320
8277 7392
5205 12509
9259 8566
3382 7983
2353 5721
949 3283
569 973
7652 12084
7866 11666
584 2846
5197 8909
6073 12895
509 2989
7029 12658
9728 11401
3248 1191
10994 8144
7401 11540
602 3143
5828 13125
1133 3289
4970 12131
672 2854
8190 11661
4180 4689
544 14114
11057 8090
13325 3298
6912 6310
8811 7292
2353 5721
6915 12534
11315 3329
5820 6765
5445 9676
631 3637
4502 8341
7295 11929
4020 11769
11216 11844
10870 8067
9795 12121
369 3122
4318 10816
9692 7956
5626 5769
443 3139
748 2701
13583 13741
5076 9169
8190 11661
11409 11846
6367 9033
1674 2050
1481 2596
9980 12248
828 3105
957 3567
6199 12887
9168 8565
1446 4349
6367 9033
10565 10775
6085 11896
12894 5357
13849 14492
925 2424
7288 11294
9651 9118
6389 6144
5915 7654
13724 13996
9254 7708
567 2274
4935 4278
13211 14434
9377 9822
5624 5767
5565 8995
9184 12629
9795 12121
6074 12651
2462 5582
11360 9164
8277 7392
3430 2676
5508 6132
749 3254
5894 9629
949 3283
602 3143
7676 9332
862 2865
11379 13491
3906 6395
5213 13349
8896 9339
567 2274
917 3101
5205 12509
631 3637
7524 12188
5896 9748
5852 14192
12725 5217
12188 12873
12513 9649
3367 2533
10787 8123
12017 12994
6124 5771
3464 6166
5583 13127
7752 11672
5205 12509
11060 8145
8378 4410
3113 729
5954 13354
1400 3714
4065 5673
5459 13352
4949 5811
6002 5631
5584 13245
8527 9975
5954 13354
8055 6868
1999 522
7401 11540
6444 11900
5445 9676
5954 13354
1087 3650
7801 9333
567 2274
4872 11648
10314 8701
8277 7392
6675 12777
964 3481
9795 12121
443 3139
672 2854
4583 4971
5508 6132
8055 6868
1557 9093
6145 6145
672 2854
5461 13009
7801 9333
7407 11674
11216 11844
2251 5444
960 3572
11409 11846
995 3792
10981 4581
14476 11128
3040 947
5205 12509
13788 7623
11313 13206
12007 10275
12591 10120
4788 14078
8574 9536
675 2719
925 2424
5336 12756
7676 9332
9489 8223
9212 9843
11409 11846
5094 12258
