32236
19776
1447
6498 12167
1685 3549
16162 15662
1217 2597
748 1745
735 1817
2831 2500
591 1635
358 1075
11925 13625
5231 7217
3082 3398
10435 12335
16404 15764
726 1919
16404 15764
1431 2889
730 1810
1049 2480
3082 3398
7848 9523
2215 4324
15805 15296
907 1966
14433 14447
1493 2302
14960 14981
3315 5638
8110 8269
13570 14149
12095 13415
9050 10929
14425 14954
6930 12154
7939 10270
8946 10731
5034 4522
14923 15477
11409 13220
2485 3197
7405 9792
2651 1933
486 1581
10609 11938
471 1348
15370 15214
12815 13512
13241 13455
586 1741
562 1580
7809 10685
7208 11556
14436 14867
7171 6616
7312 6346
752 2086
7710 9426
9334 12285
6879 4507
1233 1195
6746 6624
9927 11506
12514 13834
7010 9245
12752 14048
7158 9827
765 1763
11404 12908
15115 14938
1563 1506
8247 9423
3324 6479
6588 4506
11831 13101
5658 7795
6317 10132
14959 14141
10881 12613
2025 1398
1134 2484
9056 11135
7853 9725
765 1763
1117 3352
774 2790
370 1204
6579 9835
8697 8652
14508 14751
5033 4804
2271 3087
8727 11043
722 1694
10884 12813
14502 14433
657 1596
8891 11986
1513 2886
14833 14429
905 2301
916 2314
4551 6735
11077 13562
8354 8539
2021 1084
7437 9629
11747 12999
761 1871
1172 2659
15662 15300
487 1473
8946 10731
8891 11986
16404 15764
669 1309
1495 2648
12667 13408
13617 13885
513 1006
11240 13121
1074 2192
363 1076
1833 1951
6174 4259
14765 15142
794 2019
15339 15041
7989 9624
6283 9640
5853 4800
12108 14061
4555 6872
6784 12057
11166 13561
10618 12816
10700 12329
6926 10741
16310 15751
1621 865
5280 8221
437 908
911 1969
5567 5093
358 1075
5467 10134
927 1985
441 1105
800 1691
1867 3218
911 1969
6648 12070
13570 14149
736 1707
7158 9827
985 2414
15516 15305
905 2301
15823 15668
8268 10634
3241 5495
5658 7795
11751 13213
5711 4948
5689 8575
9543 11605
15588 15387
5552 8964
6001 4944
9333 12283
8132 10427
13746 13921
1369 3571
15527 15671
12512 13622
15115 14938
10782 11228
1343 2208
6277 9345
15152 14747
890 2147
1367 1050
5821 7697
10794 12812
1674 2883
1164 2652
9002 12185
880 2250
15510 14725
13746 13921
767 1989
11569 12501
9927 11506
7847 9330
11397 12596
16025 15525
735 1817
9524 12647
9154 10923
8247 9423
2025 1398
1954 2984
916 2314
9050 10929
5821 7697
968 2368
1621 865
9034 9559
9220 11890
16022 15659
798 1801
885 2255
1327 2420
8946 10731
1172 2659
9333 12283
9049 10928
15373 14416
11621 13374
1828 2739
7177 6759
2346 1609
9270 11133
486 1581
10881 12613
7569 8754
447 1980
13050 13616
12974 14268
5567 5093
7816 10281
7160 10230
12814 13511
8822 10110
1685 3549
8726 10735
8365 9518
6594 5662
12586 13302
14342 14659
7154 9244
12432 13626
5425 4518
15955 15455
5159 4803
591 1635
15515 15388
11497 13324
8471 8636
827 2080
3311 3176
12815 13512
8969 10759
969 2369
3843 4082
794 2019
6648 12070
9050 10929
748 1745
12813 13510
9220 11890
9684 11340
7989 9624
824 1964
14018 13922
9638 12288
582 1406
6131 9250
597 2090
16356 15748
517 1757
7722 10226
15074 14099
12897 14159
15672 13126
2485 3197
10698 12231
7569 8754
12891 13826
1399 2406
2935 5355
652 1589
9814 12951
12816 13409
7208 11556
1848 2873
2239 1087
1075 2308
5159 4803
14752 14322
441 1105
790 2128
8127 9820
12589 13306
16022 15659
14433 14447
1332 2766
12108 14061
11813 7054
4364 6871
11801 8042
