27145
15654
710
14027 10598
13062 11417
1389 1673
13992 10875
4112 2171
2470 1229
7612 4779
13357 11167
11145 6974
14029 11271
12516 10578
12616 9497
5915 4983
12333 10984
9211 7030
8243 5227
13312 11247
12708 9560
11139 8201
13004 10990
2762 1327
6016 7044
1381 9228
4765 5247
11301 8400
13350 10767
3562 2923
4285 2477
9358 7151
276 1398
12845 10854
9504 6808
11986 10435
10869 8169
11833 11637
8534 5746
9545 7182
12004 9858
2588 1332
10578 8779
12935 9499
7201 4522
11834 9252
11823 9547
13051 10489
13992 10875
4286 2322
8097 4970
9358 7151
2000 11027
9293 5389
9504 6808
12678 11243
13992 10875
3087 7229
12523 10000
12149 10842
3007 2449
13837 10108
10769 8796
4613 1716
13605 10048
2288 1078
7229 3108
10684 8051
3542 2754
13168 10445
2470 1229
6351 4295
8107 5629
11652 9556
1213 916
3007 2449
6203 5341
13822 10312
10062 8054
11833 11637
7814 5493
13063 10361
2287 1683
3562 2923
13605 10048
3898 3364
2826 2140
12849 10294
13908 10256
11627 9837
10745 11611
12267 8882
13739 11201
7339 4379
4153 2372
13604 10459
13246 9346
13642 9957
6445 3640
4462 22
11652 9556
10352 10517
11627 9837
12865 9253
12617 9343
11986 10435
13246 9346
2585 1178
13051 10489
13821 10313
2281 1978
7612 4779
8397 5497
13484 10904
10357 7940
11313 8310
13209 10770
10685 10797
4112 2171
12685 10853
13019 10452
5924 7085
11480 8797
5076 2677
276 1398
10062 8054
10062 8054
4285 2477
11137 8312
8831 6953
11652 9556
9507 7157
3205 2774
12616 9497
4286 2322
13603 10600
4079 3516
10800 7323
7524 5368
13597 10160
11627 9837
9293 5389
2110 537
9652 6926
6576 10511
5042 3983
12844 11118
2647 2291
14029 11271
8100 2025
12397 7324
5327 5203
7160 10783
13518 9805
7374 2796
12518 10579
12134 9513
1213 916
13051 10489
1567 921
9500 7036
13372 10787
13228 9920
13316 2280
11546 9617
11829 9249
9407 6719
4082 3061
2185 1158
13168 10445
13062 11417
4434 3063
10878 7842
8976 1132
8831 6953
9293 5389
12080 9618
13961 10958
7612 4779
5469 2327
2674 3240
12862 10012
9504 6808
7612 4779
1389 1673
7084 4698
10778 8683
9507 7157
2281 1978
9866 4862
13013 10150
2582 1175
4112 2171
6426 10507
13455 11376
2997 2433
2466 1681
4933 2523
5757 2482
6130 10505
12343 10141
7806 5087
11830 9250
13960 10405
2651 1686
8390 5222
13236 9945
12504 10983
9293 5389
11480 8797
8213 6100
8629 5963
7665 2639
7080 4274
12337 9989
10869 8169
2826 2140
9507 7157
11652 9556
2110 537
5076 2677
13246 9346
10783 7318
3357 2131
9498 7150
8483 3340
2674 3240
8107 5629
12616 9497
7084 4698
12337 9989
9211 7030
14029 11271
12850 10146
1739 1974
10769 8796
9225 6927
2781 11469
9211 7030
7541 10031
6781 13051
6386 1463
13013 10150
13484 10904
4613 1716
9650 7271
12224 7563
12516 10578
13961 10958
10944 8794
13961 10958
12337 9989
6492 4127
2762 1327
12433 9778
10143 4994
9361 6925
13603 10600
7080 4274
1570 1226
11546 9617
3937 2323
3539 2747
12513 9840
12844 11118
7814 5493
20 63
7612 4779
13228 9920
11145 6974
1421 1244
12515 10852
6340 4408
7665 2639
12518 10579
12708 9560
12343 10141
13603 10600
11139 8201
5469 2327
13312 11247
2561 7566
12356 9856
1566 1218
9863 5392
3942 3980
12004 9858
11838 8309
8975 3249
638 398
12355 10299
11288 9237
2832 1534
11627 9837
13654 8895
12708 9560
7374 2796
9224 7272
13057 10632
5792 4466
6940 2035
227 8624
3982 6175
