30252
17519
965
1745 9981
2138 6294
1664 1003
1947 7128
6388 1057
2991 6559
6810 12767
1417 11363
9975 3017
8371 6958
5050 9474
4166 10072
1765 2927
172 5234
11419 14140
6759 13289
5768 11051
813 4520
104 4321
8283 13469
1540 6198
577 1035
12918 13397
5594 8023
11428 14327
7193 12865
2317 5375
2362 6570
745 2055
7512 11801
2138 6294
4034 10075
9040 321
1229 1355
7602 11974
11898 12187
1521 7132
5238 11476
7268 13388
10137 14050
1071 4992
8672 13553
4916 10211
6759 13289
7832 13346
9464 13809
8816 14069
8037 13994
464 6650
11860 6834
8664 12796
8368 7794
100 4911
6699 12180
1698 2381
4299 10179
288 3493
7494 11782
7767 12708
10196 14242
4295 9853
6374 13007
12765 6721
3678 12472
14128 5363
8664 12796
9356 13847
2637 8412
2859 9460
1071 4992
3451 8234
3901 10497
11898 12187
1981 2918
901 1442
104 4321
13828 14489
3448 8019
72 4607
7390 13288
10561 14087
10137 14050
72 4607
4034 10075
2866 7033
7659 11362
1489 2034
74 4464
7903 12554
25 5228
5528 11333
9426 7574
10137 14050
6699 12180
6245 12615
813 4520
10554 13845
7008 12414
1937 7122
8777 11145
8672 13553
1837 7257
1247 5912
2584 6431
9132 13784
10895 7343
4295 9853
7653 13830
1766 2683
3451 8234
6857 7347
8910 1349
3523 9704
3059 6706
3641 8407
1770 774
110 5387
9605 10521
2887 3858
14692 4786
10801 14076
2089 2795
2470 6151
11015 7208
1761 2438
1666 419
7690 11263
6350 14169
13079 7466
5585 8450
6227 7607
11446 958
577 1035
13640 14311
1658 2325
6629 12809
15323 3494
10275 10735
2023 6290
9204 14052
813 4520
7841 13164
6734 12390
9067 13729
11860 6834
12494 6191
2907 13249
9 5229
77 4769
7841 13164
2210 775
1154 952
10275 10735
11015 7208
1551 2322
5278 5206
8037 13994
6245 12615
10635 7579
10798 14073
1658 2325
5278 5206
8605 11059
1057 1967
4306 10880
10422 13925
13828 14489
1931 7121
1237 6455
8777 11145
7135 12513
163 1563
3236 10006
6793 12388
818 1536
8371 6958
7611 6112
2387 14413
10665 7723
6414 11885
4841 6228
14306 11463
1986 582
2887 3858
8368 7794
1869 2435
9747 14218
5206 12218
5436 3285
11610 14104
2093 2684
7611 6112
820 746
11662 13854
178 3347
4841 6228
511 458
8631 7086
6943 14180
8693 13843
8036 13658
2023 6290
4163 10595
3451 8234
11610 14104
2293 8619
2023 6290
10137 14050
2362 6570
6759 13289
1658 2325
5181 6844
11270 7211
8151 12901
5278 5206
11428 14327
11610 14104
241 1488
1841 7130
6699 12180
11143 7570
8022 12605
10152 14017
11419 14140
104 4321
3424 11850
7766 12705
11626 6698
813 4520
1918 5562
8957 13841
2138 6294
2362 6570
6374 13007
2089 2795
8384 11675
140 4924
100 4911
7193 12865
7653 13830
10649 13938
3352 9358
9341 14339
578 1624
1067 1251
1278 697
10852 7931
3693 14431
12772 6015
11735 13785
1613 6446
7897 13285
2023 6290
4500 8215
10813 13842
8396 7254
14603 11553
2096 677
7832 13346
7995 5890
1775 695
2745 8830
6245 12615
8037 13994
483 357
895 950
6106 7243
3899 9543
13828 14489
7491 11776
3899 9543
11052 14326
5333 9788
1237 6455
4839 5791
7736 412
2864 7753
8368 7794
7512 11801
11015 7208
9332 13896
2362 6570
738 4374
11419 14140
4918 9155
4918 9155
8268 6859
1078 5201
70 4764
738 4374
8287 13472
1327 1755
977 2427
7736 412
2210 775
3899 9543
413 2030
1239 754
4297 5940
455 1812
