36904
22327
1758
3290 5851
10395 11255
400 2226
13047 14568
12037 12965
11708 12705
10805 11671
3124 5471
3185 5049
9297 10571
12135 12697
10249 11716
218 3388
15428 16771
5350 5547
13811 14417
14196 14926
11697 12579
6654 556
13237 13671
1869 4460
12860 13414
16302 16464
11300 12539
15309 14764
7541 9192
14783 14400
1454 4445
9784 10938
8712 9950
10952 12109
17781 3631
10249 11716
12845 13801
10389 11559
11300 12539
11007 12653
3885 4869
583 1963
8855 10578
16561 16406
1011 81
7801 8823
13093 13655
12334 13460
12318 13196
2001 3939
15617 16062
3324 4878
10706 12430
9063 8256
14653 15527
7381 9187
10228 10765
8715 9954
10697 12020
13628 14224
3845 6493
13245 13683
16444 16612
10528 11234
2571 6153
10053 10901
12871 13701
11657 11775
5794 7893
4328 6405
1583 4272
12857 13412
3596 4354
7654 8989
8376 10226
10057 10584
11855 12704
241 731
7584 9567
14496 3839
9326 10451
3712 5340
11398 12358
13485 14626
11356 11466
8121 9161
15465 15897
8265 9315
9108 12082
9189 10624
142 6621
12935 18087
10523 11072
5505 8056
10693 12016
10808 11826
16747 16119
12334 13460
16125 8264
5790 7562
2702 5127
10955 11821
2984 5809
12691 13388
4884 7033
10862 12180
11982 12473
11102 12364
1952 4749
12713 13533
167 1528
8042 10685
11556 12487
15976 16399
3188 4368
9159 10273
12876 13708
8973 10225
2740 2979
8873 10287
2740 2979
9324 10610
14648 15100
6752 8343
12902 14702
5323 7520
14660 15116
9148 10258
2573 4633
12350 10986
10509 10748
17607 4818
4288 6505
11265 12252
11500 11145
6082 8062
12037 12965
2705 5300
13387 13979
16302 16464
5797 7569
3989 5998
14457 15848
5782 8026
16444 16612
10554 12170
6015 7974
9175 10450
1998 3770
8571 9960
5219 6242
16833 17220
11998 12812
14040 14613
2001 3939
6482 9013
7656 8831
12716 13283
167 1528
13247 13959
8693 10246
3609 5394
14380 14700
10237 11860
7383 9350
12842 13526
12451 13296
13245 13683
7880 9877
10822 11686
18404 264
13387 13979
7735 9727
309 1973
241 731
14632 15355
11119 11982
14935 15662
14329 15464
5216 7407
7688 9671
10968 12505
8859 10270
12052 13883
4919 8218
8949 11005
12507 11607
10076 10766
10822 11686
4005 4664
2001 3939
3031 3164
13721 14454
6023 7651
4734 7028
13418 14567
8859 10270
9693 10363
14187 14773
673 3097
4589 5858
467 779
8447 10310
12593 13301
12684 12896
12176 13198
15303 16243
13721 14454
749 2751
9929 10930
2572 3447
12190 13595
5796 8058
9097 10528
15851 16033
8448 9987
166 1955
12858 13048
2006 2770
10565 11294
5762 7198
11294 12967
12426 13274
8749 10153
45 1673
368 1686
4574 7331
11153 12645
13108 13938
12318 13196
433 1961
8229 9910
12847 13269
6909 8683
9296 10415
10228 10765
14513 14832
12223 11300
16096 15771
8001 8401
11975 12347
18 1376
13485 14626
7964 9481
15162 16354
519 2590
400 2226
15576 16132
14514 15249
13360 13808
9014 10119
506 2261
8880 10459
16308 16471
8340 8591
15808 16962
14648 15100
3389 6480
10952 12109
15617 16062
10705 13218
12350 10986
11699 12694
8717 10278
6155 8136
12508 11912
9783 10778
11708 12705
10551 12429
4149 4668
3461 4707
11710 12248
289 1391
4595 5534
9746 10891
12814 13120
9026 10452
12715 13045
16833 17220
614 907
17443 17426
661 3256
10968 12505
2901 3508
300 1401
12715 13045
9770 10924
11702 12700
4625 6241
9627 10773
12876 13708
6746 6535
10395 11255
7078 8703
8949 11005
12305 12834
10402 11875
4382 4782
12761 14009
9746 10891
5933 8216
4150 5182
18731 17894
