27291
16690
1800
10282 518
3435 10443
12764 2080
12362 1536
468 6858
7875 4129
14194 440
11200 4804
5072 5073
14466 3350
2938 5366
12351 774
12681 12568
10044 5568
9484 11943
3051 5656
4229 10135
11360 4658
3312 7494
3372 9589
11756 1071
13064 1996
1330 5493
9756 740
9815 12049
552 6859
10709 3929
11558 2595
960 6402
12971 12592
2187 4344
1880 10609
12627 2192
887 5943
7880 3280
12698 12426
3043 7340
7339 7823
771 4746
13889 4061
7027 4119
1985 6870
8878 4503
3016 10563
6261 4312
1617 8074
12382 12591
4393 23
3165 8669
3610 5517
14190 2835
4924 5226
812 6554
9731 2686
13817 1046
14130 10029
13249 12654
2508 6877
12822 307
11133 12257
2096 10683
2627 9233
2335 10788
3608 5514
1996 6417
10148 12141
4485 3788
9560 2680
10236 2684
1726 8950
9731 2686
11603 1843
2125 6571
14275 362
7611 5309
840 4896
9390 3302
9199 5697
9228 3309
3442 7940
12382 12591
3169 7939
6538 2555
8533 7078
2465 730
11754 1737
1422 5332
5073 4923
11099 517
1856 7781
2645 7036
11937 12316
11527 2171
1308 7168
14014 2836
7060 1759
7123 11783
10298 2852
10916 2403
10703 2064
5746 6507
3275 9897
10660 7938
9230 3413
10445 601
771 4746
11227 2179
12250 12346
511 6705
12152 1875
1738 6866
2761 8812
3326 5662
3421 99
2005 5652
12246 12315
12768 1985
3113 8762
5875 4685
8796 4618
1975 8224
13177 3324
10656 12245
474 5177
9617 3046
1738 6866
10875 5562
3887 5822
13325 2807
11370 2579
13498 457
10148 12141
11473 11196
9733 3000
3152 9786
608 6704
5543 4001
8570 3717
13029 1666
11409 1325
6784 11785
11810 7668
13844 1076
9059 4529
6852 4773
10282 518
3332 5510
14072 3645
1330 5493
3721 7644
12803 1434
12604 2074
840 4896
11047 2585
6852 4773
7962 11963
1030 7472
12604 2074
3721 7644
8625 3982
894 5796
9982 12095
14461 335
6956 11739
12768 1985
12088 12442
6524 4237
2773 7184
10492 12129
8492 8091
12823 382
11836 2259
9789 2636
13202 2096
2628 8666
11090 594
14347 3042
3043 7340
14421 218
789 11440
7495 7803
8875 4936
14098 1525
9825 12083
8871 5851
9904 3106
11584 866
10774 602
2380 6724
3719 7642
7879 3175
10727 2280
14158 2148
13110 12634
12301 2265
7527 5688
10320 12267
11370 2579
12749 2161
2618 10562
2335 10788
5075 4922
14523 3553
10432 341
259 7010
11285 12508
11686 2476
1851 8075
3719 7642
9059 4529
14043 9896
12038 1308
13037 5406
11905 1248
11895 1238
2512 7185
2882 11026
10055 5268
7464 11714
8714 4013
9298 12178
12244 12391
11868 1594
10441 1329
10527 7242
531 5189
10527 7242
11761 1743
13356 611
1972 8370
12359 1340
7696 6308
8371 6003
10762 508
1649 5044
11615 12381
11754 1737
10927 425
12088 12442
7962 11963
3508 6004
5930 5433
5234 3895
2147 5360
6075 8599
9865 11431
11908 1256
8570 3717
1851 8075
1157 5051
7092 1513
12694 12314
12246 12315
1303 8215
14009 1425
1030 7472
10774 602
9394 2887
8878 4503
13898 2505
14195 289
9822 11939
2096 10683
3469 5819
10366 6323
12228 12628
9550 4043
14466 3350
9715 5117
2096 10683
11618 12283
6460 11563
11412 1805
9986 12099
3008 6699
11868 1594
4197 3789
2882 11026
3610 5517
7378 4162
10961 12380
3279 6085
8040 4245
10656 12245
1017 9628
2380 6724
2105 8806
13202 2096
2406 5207
6695 3478
12176 2091
4245 76
4036 4765
9986 12099
10779 1627
3472 5513
10072 2788
5161 11398
2125 6571
2096 10683
