31153
18982
1326
10286 9127
13634 10679
10954 9633
2025 1224
11052 10045
7836 6727
11367 10218
8629 6763
12737 11826
12285 10698
10783 9761
5652 5115
7789 6688
15788 14666
3911 1518
3505 2981
11960 10428
7838 6383
508 623
2038 716
9145 8366
8496 7665
5592 5037
12693 11933
9810 8521
13303 12371
5783 4861
14591 13925
11109 10429
6682 4985
8945 6716
12100 11378
4627 3994
1926 1243
9023 8406
12473 11819
12694 11784
3384 2254
6171 5216
5207 4512
10332 9333
713 251
14123 13069
11923 10873
9319 8061
12815 11783
5264 4943
13303 12371
14362 13647
3862 4162
11967 10267
12410 11004
6850 6352
12595 11804
9471 8354
15492 14948
6015 7992
5246 2745
14243 13216
744 625
726 126
10451 9435
13177 11773
967 336
13646 13086
4563 3585
12919 11021
10659 9813
5264 4943
7068 6374
3676 2824
1187 1462
4453 4002
7838 6383
11832 10592
15754 14587
3449 3586
2295 4776
8691 6665
2730 2439
14694 13783
4517 2917
8446 7272
8792 7745
260 13028
14149 13224
6569 6776
1806 1158
14360 13497
11956 10586
5075 4075
2405 2256
15602 15001
7915 7316
13592 13006
710 381
8865 7664
11201 9267
8221 7067
13707 12850
483 292
6277 6181
801 219
13950 13282
3384 2254
6827 5824
5399 4688
306 508
8656 7455
15431 14939
7274 6915
12815 11783
5395 4336
1348 989
11645 9735
10053 7993
10583 8971
11271 10113
15432 14811
6172 4863
726 126
12290 10700
11666 10385
4437 3644
10759 9898
5811 4370
12691 11931
728 160
6878 6724
6173 6086
1591 675
12843 12249
12036 10207
11956 10586
4294 3194
4255 3996
9362 8245
9041 7977
11907 9736
11960 10428
13956 13723
4690 1528
6116 5349
13408 12799
8944 8038
5594 4693
11115 9948
12656 11447
10956 9792
15298 14552
9319 8061
15707 14742
2730 2439
4814 4163
14838 13968
1926 1243
4887 3902
14635 13550
8032 6902
15662 15016
13166 12217
13094 12260
15090 14386
5652 5115
8973 7748
4240 3815
7256 6198
6824 5299
11350 9268
14636 13410
10287 9277
12815 11783
2523 2140
6172 4863
5448 4411
3449 3586
11780 9887
12598 11956
14698 14045
15298 14552
9023 8406
6813 5639
12290 10700
11578 10622
4372 3411
8407 7233
7726 7485
7257 6369
6548 5905
5811 4370
7068 6374
3442 3232
11967 10267
15815 15246
9387 9051
9162 7591
801 219
15098 14197
4826 4342
8220 7071
14694 13783
2510 1331
10298 9438
9978 8526
14001 11140
6936 6254
2274 1337
4826 4342
2774 1244
12093 10917
13177 11773
12063 11192
11109 10429
5594 4693
6001 4894
2774 1244
8448 7105
2646 1824
8313 7508
2565 1951
2064 739
969 148
12415 10525
1806 1158
2731 2567
1469 1166
9448 8025
7127 7771
8970 7905
9991 8380
12858 12117
7474 6919
4292 1717
15602 15001
14476 14163
12800 11616
10543 9243
11367 10218
6189 5234
9242 6333
14187 13140
550 288
8767 6719
10759 9898
7535 6454
11960 10428
1266 499
11071 9896
2344 1890
12853 11814
12210 11206
10294 9285
10659 9813
4265 3484
9957 8668
434 455
14997 14380
11118 9952
558 296
12593 12103
8026 7065
3923 2754
7654 7898
3493 2826
15597 14938
4840 4705
2699 2658
3505 2981
10583 8971
9195 8409
11934 10889
12963 12250
8443 6934
12408 10522
12737 11826
5783 4861
7789 6688
5224 4186
10602 9130
306 508
15492 14948
7068 6374
10173 9617
8501 7507
13756 12634
7469 5528
11432 10458
15550 14814
9197 8403
6882 5685
8135 7015
5395 4336
4843 4012
15013 14078
2162 1624
9984 8529
5149 4467
1348 989
1180 558
8944 8038
