24185
12172
1153
2050 6166
1593 2952
3170 7817
5173 4528
13090 9403
1885 6498
8036 9238
785 5413
1795 6497
2971 6908
4740 3607
4132 7094
7922 695
5166 2174
11070 9455
8036 9238
2490 6480
718 5856
2781 7408
4640 7389
587 4360
524 3899
7154 9089
6096 4293
2970 6699
4037 7492
4610 4420
1923 1271
4336 7597
11615 2898
3411 2601
6981 9361
4228 7189
1834 1270
1382 5852
5306 9325
3382 8220
2671 5823
3917 5135
2507 6910
711 4589
4475 9162
3322 5701
4575 9396
6042 8634
1567 7331
4720 9567
849 5183
8204 8564
5278 7760
3718 5592
1763 3517
3839 7186
1792 5843
2864 6691
6861 1261
3899 2596
1751 1025
4705 7166
499 2865
4706 8261
3263 7209
5307 9532
1712 6286
901 3415
5280 8445
1940 3981
3569 7915
4705 7166
1708 5742
6416 5802
3284 8227
5132 8542
1590 2947
1750 1624
2863 6798
7764 9491
3999 2597
741 535
313 291
9914 8488
2229 6383
576 4466
1218 5629
4720 9567
721 6187
2209 3979
2589 6795
5027 4073
1935 3518
2977 7109
3358 7000
5278 7760
5768 8817
526 3676
7035 6455
779 5063
4647 7801
2397 5827
1486 3578
13090 9403
968 3180
4773 7285
5930 998
2052 6593
4522 7085
5146 9319
2748 4436
1708 5742
1425 3513
1873 5842
3718 5592
1863 5273
503 3893
10701 3468
2769 6151
834 4000
3208 2272
6230 8890
9366 8099
1081 6399
1635 6915
3218 3499
1712 6286
8366 700
2483 5270
9362 7990
8380 6974
5108 9283
523 3316
3065 7002
11478 3236
4230 7090
1376 5516
5317 2074
6166 9
3349 6996
3552 7399
6230 8890
2217 5721
1584 1909
7154 9089
2839 4433
8204 8564
994 5061
2749 4089
4044 7709
1528 5169
1521 3643
4028 6255
3031 4904
503 3893
5154 9482
1142 5175
1914 3341
2202 3626
2597 6909
3219 3038
5132 8542
443 3542
4423 7591
1267 2838
7582 9357
869 5980
2577 5382
3031 4904
2217 5721
7780 853
2052 6593
3031 4904
4146 8006
515 3894
1615 5173
5154 9482
5278 7760
2394 5497
5150 9265
10843 9334
2577 5382
4647 7801
1081 6399
4992 8722
1945 4100
5108 9283
2415 6802
1615 5173
8382 7276
5307 9532
6096 4293
3208 2272
1988 2457
9366 8099
1952 3878
1440 4108
11845 2682
7826 4143
14211 4746
4494 5249
7464 8656
2050 6166
4425 7088
7587 9354
943 6094
1891 6708
970 3414
4705 7166
4324 7283
2762 5607
3219 3038
693 2854
527 5311
2748 4436
3384 8225
3654 7713
7464 8656
1497 4407
1374 5056
5612 9023
3850 7103
805 4622
1834 1270
6882 6561
4146 8006
1763 3517
979 4118
5154 9482
2209 3979
3456 7296
410 3323
1609 3877
6548 3596
1801 6605
2524 7930
4324 7283
1834 1270
3931 6253
3510 2925
1569 462
7035 6455
9774 8292
4231 7796
7587 9354
5457 9381
3965 8588
3817 4193
1521 3643
1461 5625
4689 9341
3121 2499
693 2854
1160 6926
2473 3974
4231 7796
5324 4530
5280 8445
2562 4316
2409 6377
8259 4148
2657 4318
10830 4521
587 4360
2507 6910
1450 5172
7913 8827
1757 4197
12875 9405
2025 3631
979 4118
5612 9023
4228 7189
7764 9491
1796 6284
868 5873
3569 7915
2749 4089
3319 3263
2136 6487
4475 9162
8366 700
4194 5363
2400 3753
5428 7444
1749 3489
5457 9381
1796 6284
1288 4001
1583 1448
1792 5843
979 4118
3926 6780
2217 5721
1949 5162
2138 6381
4230 7090
7464 8656
8362 487
3584 8318
715 5185
917 4590
3763 3108
